!===============================================!
!  Hydrograph                                   !
!===============================================!
      261
0.0 109.974949866
199.384615385 110.258782237
398.769230769 110.530810404
598.153846154 110.785434645
797.538461538 111.017749296
996.923076923 111.22374787
1196.30769231 111.400393598
1395.69230769 111.545558526
1595.07692308 111.657861001
1794.46153846 111.736450786
1993.84615385 111.780798818
2193.23076923 111.790543233
2392.61538462 111.765426159
2592.0 111.705331044
2791.38461538 111.610403786
2990.76923077 111.481218875
3190.15384615 111.318939337
3389.53846154 111.125419344
3588.92307692 110.90321097
3788.30769231 110.655458821
3987.69230769 110.385692904
4187.07692308 110.09755502
4386.46153846 109.794511222
4585.84615385 109.479608429
4785.23076923 109.155325576
4984.61538462 108.823550471
5184.0 108.485686799
5383.38461538 108.142867725
5582.76923077 107.796229307
5782.15384615 107.447183911
5981.53846154 107.097633804
6180.92307692 106.750078157
6380.30769231 106.407589878
6579.69230769 106.073666764
6779.07692308 105.751988079
6978.46153846 105.446127001
7177.84615385 105.159276988
7377.23076923 104.894044616
7576.61538462 104.652344178
7776.0 104.435404406
7975.38461538 104.243871043
8174.76923077 104.077966742
8374.15384615 103.937657166
8573.53846154 103.822772072
8772.92307692 103.733042583
8972.30769231 103.66803793
9171.69230769 103.627011418
9371.07692308 103.608690125
9570.46153846 103.61105995
9769.84615385 103.631203041
9969.23076923 103.665236811
10168.6153846 103.708384416
10368.0 103.755179793
10567.3846154 103.79978225
10766.7692308 103.836352377
10966.1538462 103.859427954
11165.5384615 103.864238533
11364.9230769 103.846910483
11564.3076923 103.804537453
11763.6923077 103.73511939
11963.0769231 103.63739995
12162.4615385 103.510651544
12361.8461538 103.354465019
12561.2307692 103.168595619
12760.6153846 102.952899704
12960.0 102.707372017
13159.3846154 102.43226674
13358.7692308 102.128263584
13558.1538462 101.796627664
13757.5384615 101.43931205
13956.9230769 101.05896447
14156.3076923 100.658821877
14355.6923077 100.242503271
14555.0769231 99.8137360343
14754.4615385 99.3760683455
14953.8461538 98.9326257376
15153.2307692 98.4859622118
15352.6153846 98.0380370405
15552.0 97.5903217393
15751.3846154 97.1440136222
15950.7692308 96.700309182
16150.1538462 96.2606774691
16349.5384615 95.8270736497
16548.9230769 95.4020459794
16748.3076923 94.9887126096
16947.6923077 94.5906127062
17147.0769231 94.2114630128
17346.4615385 93.8548702685
17545.8461538 93.5240575558
17745.2307692 93.2216571253
17944.6153846 92.9496049741
18144.0 92.7091475592
18343.3846154 92.5009443568
18542.7692308 92.3252277545
18742.1538462 92.1819691466
18941.5384615 92.071000011
19140.9230769 91.9920491846
19340.3076923 91.9446796037
19539.6923077 91.928134275
19739.0769231 91.9411259793
19938.4615385 91.9816223318
20137.8461538 92.0466832135
20337.2307692 92.1323998079
20536.6153846 92.2339650891
20736.0 92.3458788796
20935.3846154 92.4622624613
21134.7692308 92.5772345058
21334.1538462 92.6852870066
21533.5384615 92.7815998941
21732.9230769 92.8622461014
21932.3076923 92.9242620635
22131.6923077 92.9655867664
22331.0769231 92.9848991966
22530.4615385 92.9814034205
22729.8461538 92.9546183105
22929.2307692 92.9042235427
23128.6153846 92.829996365
23328.0 92.7318489047
23527.3846154 92.60994928
23726.7692308 92.4648877326
23926.1538462 92.2978365607
24125.5384615 92.1106527211
24324.9230769 91.9058845893
24524.3076923 91.6866665865
24723.6923077 91.4565120562
24923.0769231 91.2190396665
25122.4615385 90.9776858856
25321.8461538 90.7354616043
25521.2307692 90.4948033182
25720.6153846 90.2575499984
25920.0 90.025050134
26119.3846154 89.7983753593
26318.7692308 89.5785939073
26518.1538462 89.3670440639
26717.5384615 89.1655478017
26916.9230769 88.9765178321
27116.3076923 88.8029344905
27315.6923077 88.6481969356
27515.0769231 88.5158797941
27714.4615385 88.409445662
27913.8461538 88.331971536
28113.2307692 88.2859417242
28312.6153846 88.2731425106
28512.0 88.2946689557
28711.3846154 88.3510275444
28910.7692308 88.4422961678
29110.1538462 88.5682903084
29309.5384615 88.7286842078
29508.9230769 88.9230482348
29708.3076923 89.1507857174
29907.6923077 89.4109790076
30107.0769231 89.7021792786
30306.4615385 90.0221916796
30505.8461538 90.3679128622
30705.2307692 90.735270112
30904.6153846 91.119291933
31104.0 91.514313201
31303.3846154 91.9142898712
31502.7692308 92.3131750048
31702.1538462 92.7052947979
31901.5384615 93.0856632938
32100.9230769 93.4501875451
32300.3076923 93.7957382098
32499.6923077 94.1200886979
32699.0769231 94.4217527167
32898.4615385 94.699769447
33097.8461538 94.9534933663
33297.2307692 95.1824403409
33496.6153846 95.3862244912
33696.0 95.5645955935
33895.3846154 95.7175602873
34094.7692308 95.8455483011
34294.1538462 95.9495724797
34493.5384615 96.0313314797
34692.9230769 96.0932166215
34892.3076923 96.1382066083
35091.6923077 96.1696604936
35291.0769231 96.1910441736
35490.4615385 96.2056429517
35689.8461538 96.2163182497
35889.2307692 96.225358877
36088.6153846 96.2344579876
36288.0 96.2448202074
36487.3846154 96.2573753466
36686.7692308 96.2730519343
36886.1538462 96.2930507556
37085.5384615 96.3190585652
37284.9230769 96.3533552186
37484.3076923 96.3987906348
37683.6923077 96.4586360715
37883.0769231 96.5363408451
38082.4615385 96.6352449046
38281.8461538 96.7583053353
38481.2307692 96.9078893385
38680.6153846 97.0856689652
38880.0 97.2926279833
39079.3846154 97.5291645904
39278.7692308 97.7952514586
39478.1538462 98.0906019814
39677.5384615 98.4147915013
39876.9230769 98.7672947348
40076.3076923 99.1474226612
40275.6923077 99.5541686407
40475.0769231 99.985998264
40674.4615385 100.440634556
40873.8461538 100.914895553
41073.2307692 101.404633477
41272.6153846 101.904805363
41472.0 102.409678261
41671.3846154 102.913143974
41870.7692308 103.40909513
42070.1538462 103.89180124
42269.5384615 104.356223448
42468.9230769 104.798219722
42668.3076923 105.214615479
42867.6923077 105.603142755
43067.0769231 105.962277783
43266.4615385 106.29102618
43465.8461538 106.588712798
43665.2307692 106.854827832
43864.6153846 107.088963695
44064.0 107.290852441
44263.3846154 107.460486974
44462.7692308 107.598287288
44662.1538462 107.705260499
44861.5384615 107.783103541
45060.9230769 107.83421002
45260.3076923 107.861564935
45459.6923077 107.868537637
45659.0769231 107.858608319
45858.4615385 107.83508057
46057.8461538 107.800838077
46257.2307692 107.75819588
46456.6153846 107.708877315
46656.0 107.65412112
46855.3846154 107.594895135
47054.7692308 107.532169806
47254.1538462 107.467191703
47453.5384615 107.401697204
47652.9230769 107.3380196
47852.3076923 107.279066025
48051.6923077 107.228168695
48251.0769231 107.188841599
48450.4615385 107.164493028
48649.8461538 107.158152044
48849.2307692 107.172261414
49048.6153846 107.208572304
49248.0 107.268151095
49447.3846154 107.351482051
49646.7692308 107.45862731
49846.1538462 107.589393085
50045.5384615 107.743450831
50244.9230769 107.920374615
50444.3076923 108.119577952
50643.6923077 108.340159856
50843.0769231 108.580694632
51042.4615385 108.839017016
51241.8461538 109.112059687
51441.2307692 109.39579237
51640.6153846 109.685292405
51840.0 109.974949866
