indexes
403
2622
2744
2746
2867
2869
2992
2994
3116
3118
3242
3244
3364
3486
3488
3586
3588
5189
5311
5313
5433
5555
5557
5681
5683
5807
6055
7520
7894
8348
8406
8470
8526
8588
8675
8678
11550
11674
11922
12044
12046
12164
12166
13857
13859
13977
13979
14103
14227
14351
14353
14475
16820
17201
17262
17346
17441
17501
17561
17618
17681
18009
18133
18259
19976
19978
20226
20350
20352
20474
20476
20600
20602
20720
20722
20844
22431
22529
22531
22653
22775
22777
22899
22901
23023
23025
23149
23151
23273
23275
23397
23399
25620
26026
26429
26685
28650
28652
28774
28776
28897
28899
29024
29026
29148
29150
29272
29274
29396
29518
29520
29618
31209
31329
31331
31451
31573
31575
31699
31825
31949
32073
32195
33546
33669
33794
33918
34168
34370
34430
34488
34548
34608
34614
34700
34789
34909
35231
37570
37694
37820
37942
38066
38068
38186
38188
39789
39889
39891
40009
40011
40133
40257
40381
40383
40505
40629
40753
43374
43525
43585
43703
44033
45994
46118
46242
46366
46368
46492
46494
46616
46618
46736
46738
46860
48464
48563
48565
48687
48807
48809
48933
48935
49057
49059
49181
49183
49305
49307
49431
49433
51646
54676
54798
54800
54922
54924
55046
55048
55170
55172
55294
55296
55418
55538
55540
55638
57235
57237
57357
57359
57477
57479
57603
57605
57729
58103
58225
59694
59944
60068
60194
60396
60456
60516
60576
60636
60724
60731
60817
60877
60937
61258
63600
63724
63850
63972
63974
64096
64098
64216
64218
65805
65909
65911
66029
66031
66153
66155
66277
66279
66403
66527
66651
66775
69394
69553
69613
69673
69731
70061
70435
72026
72150
72274
72276
72398
72400
72524
72526
72648
72650
72768
72770
72892
74483
74581
74583
74705
74827
74829
74951
74953
75075
75077
75199
75201
75324
75326
75449
75451
77414
77670
78483
80698
80700
80822
80824
80945
80947
81072
81074
81196
81198
81320
81322
81444
81566
81568
81666
83265
83267
83387
83389
83507
83509
83631
83633
83757
83881
84005
84129
84251
85847
85972
86096
86423
86482
86541
86602
86662
86753
86839
86899
86959
87279
89740
89864
89988
89990
90110
90112
90232
90234
91838
91941
91943
92061
92063
92185
92187
92309
92311
92435
92559
92683
92685
95018
95422
95693
95753
96081
96205
96329
96453
98046
98048
98170
98172
98294
98296
98418
98420
98542
98544
98666
98668
98786
98788
98910
98912
100511
100609
100611
100733
100853
100855
100979
100981
101103
101105
101227
101229
101351
101353
101477
101479
103188
103767
104507
106724
106726
106848
106850
106972
106974
107098
107100
107222
107224
107346
107348
107470
107472
107592
107594
107692
109283
109285
109405
109407
109527
109651
109653
109777
110151
111865
112240
112443
112504
112563
112622
112624
112682
112684
112779
112865
112929
112987
113306
115274
115522
115896
115898
116020
116142
116144
116262
116264
117957
117959
118077
118079
118203
118327
118451
118453
118575
118577
118701
121040
121444
121661
121721
121779
122109
122359
124074
124198
124322
124446
124448
124572
124574
124696
124698
124818
124940
124942
126537
126635
126637
126759
126879
126881
127003
127005
127127
127129
127251
127253
127374
127376
127499
127501
129468
129722
130126
130531
132744
132746
132868
132870
132992
132994
133118
133120
133242
133244
133366
133368
133490
133612
133614
133712
133714
135315
135317
135437
135439
135559
135683
135685
135809
137646
138020
138270
138534
138591
138652
138716
138800
138801
138885
138946
139326
141918
142042
142162
142164
142284
143985
143987
144105
144107
144231
144233
144355
144479
144481
144603
144605
144729
147472
147477
147564
147628
147744
148131
148257
148505
150102
150104
150226
150350
150352
150474
150476
150600
150602
150724
150726
150844
150846
150968
152557
152655
152657
152779
152899
152901
153023
153025
153149
153151
153273
153275
153398
153521
153523
155366
155492
155820
156557
158778
158902
158904
159026
159028
159150
159152
159274
159276
159400
159402
159524
159644
159646
159746
161333
161453
161455
161575
161701
161825
162199
162321
163670
164294
164556
164616
164618
164676
164736
164909
164971
165031
167326
167822
167948
168072
168192
168194
168314
168316
169906
170007
170009
170127
170129
170251
170375
170499
170501
170623
170625
170747
170871
173094
173496
173709
173768
173829
174157
174283
174531
176120
176122
176244
176246
176370
176494
176496
176618
176620
176742
176744
176864
176866
176988
177088
178588
178687
178689
178811
178931
178933
179055
179057
179179
179181
179303
179305
179426
179429
179551
179553
181020
181774
182174
182579
184796
184920
185042
185044
185166
185168
185290
185292
185414
185416
185540
185660
185662
185762
187365
187485
187487
187607
187731
187733
187857
188231
189944
190068
190320
190522
190582
190646
190702
190762
190851
190939
190998
191059
191378
193352
193722
193846
193972
194096
194216
194218
194336
194338
195931
196033
196035
196153
196155
196277
196279
196401
196403
196527
196529
196651
196775
196777
196899
199522
199529
200187
200437
200561
202150
202152
202274
202276
202400
202524
202526
202648
202650
202772
202774
202894
202896
203018
204707
204709
204831
204951
204953
205075
205077
205201
205203
205325
205327
205449
205451
205573
205575
207040
207414
207538
207794
207868
208204
208609
210826
210948
210950
211071
211073
211198
211200
211322
211324
211446
211448
211570
211572
211692
211694
211794
213385
213387
213505
213507
213627
213751
213753
213877
214251
215844
216092
216342
216604
216663
216724
216784
216867
216963
216965
217020
217083
217406
219372
219992
220116
220118
220238
220240
220360
221963
222063
222065
222183
222185
222307
222309
222431
222433
222555
222557
222679
222681
222803
222805
222927
225144
225546
225821
225881
226209
226335
228166
228168
228290
228292
228415
228417
228540
228542
228664
228666
228788
228790
228910
228912
229034
229036
230739
230741
230863
230983
230985
231107
231109
231233
231235
231357
231359
231483
231605
231607
233190
233316
233440
233564
233894
234134
234222
234228
234631
236972
237094
237096
237218
237220
237342
237344
237466
237468
237590
237592
237710
237712
237812
239411
239413
239533
239535
239655
239779
240401
242368
242690
242750
242814
242991
243055
243111
243171
243433
245400
245896
246020
246022
246146
246266
246268
246388
247980
248081
248083
248203
248325
248327
248451
248453
248575
248577
248699
248701
248823
248825
248949
251164
251847
251907
252237
254198
254200
254322
254324
254446
254448
254570
254572
254696
254698
254820
254822
254942
255064
255066
256757
256879
256881
257001
257003
257125
257127
257249
257251
257375
257499
257501
257623
257625
259337
259586
259915
260243
260252
260657
262996
263120
263122
263244
263246
263370
263492
263494
263618
263620
263738
263740
263839
265441
265443
265561
265563
265683
265807
266427
268396
268716
268776
268836
268922
269013
269015
269075
269135
269193
269456
269583
269957
271418
272040
272164
272166
272284
272286
272406
272408
274015
274115
274117
274235
274237
274359
274361
274483
274485
274609
274611
274733
274735
274857
274859
274981
277600
277929
278256
278381
278505
280222
280224
280346
280348
280470
280472
280594
280596
280718
280720
280842
280844
280964
281086
281088
282785
282787
282909
282911
283029
283031
283153
283155
283279
283281
283403
283405
283529
283653
284992
285116
285242
285364
285490
285616
285943
286004
286061
286281
286685
288902
289024
289026
289150
289274
289276
289398
289400
289524
289646
289648
289766
289768
289868
291461
291463
291581
291583
291705
291829
292079
294418
294680
294740
294800
294860
294946
295039
295041
295101
295160
295224
295481
295982
296106
296233
297698
298072
298196
298316
298318
298440
300030
300131
300133
300253
300375
300377
300501
300503
300625
300627
300749
300751
300872
300874
300999
303216
303620
303957
304411
304535
306248
306250
306372
306374
306495
306497
306499
306622
306624
306746
306748
306870
306872
306994
307116
307118
308811
308933
308935
309053
309055
309177
309179
309301
309303
309427
309550
309673
309675
311270
311393
311518
311642
311968
312030
312303
312707
315042
315166
315168
315290
315292
315416
315540
315664
315666
315784
315786
317491
317493
317613
317615
317735
317985
320444
320825
320886
320972
321062
321126
321183
321243
321301
321502
321879
322003
323594
323966
324090
324092
324214
324334
324336
324456
326060
326161
326163
326283
326405
326407
326531
326533
326655
326657
326779
326781
326903
326905
327029
329242
329645
329651
329981
330055
330309
332274
332276
332398
332400
332524
332526
332648
332650
332772
332774
332896
332898
333018
333140
333142
333240
334833
334955
335075
335077
335199
335201
335325
335327
335451
335575
335699
337289
337413
337664
338051
338112
338172
338329
340950
341074
341198
341322
341448
341570
341572
341694
341696
341814
341816
341918
343507
343509
343627
343629
343751
343875
344001
344125
346466
346788
346848
346908
346994
347001
347087
347151
347209
347267
347329
347531
347656
347783
347906
348031
349622
349996
350120
350122
350246
350366
350368
350490
352083
352181
352183
352303
352425
352427
352549
352551
352673
352675
352797
352799
352921
352923
353047
355268
356077
356333
358292
358294
358418
358420
358542
358544
358666
358668
358790
358792
358916
358918
359038
359160
359162
359260
360863
360985
360987
361107
361109
361231
361233
361355
361357
361481
361603
361605
361727
361729
363442
363692
364022
364080
364144
364200
364260
364348
364351
367092
367214
367216
367338
367340
367464
367588
367712
367714
367832
367834
369539
369541
369659
369661
369663
369907
369909
370033
372492
372814
373019
373026
373115
373175
373233
373235
373293
373554
373805
374176
375528
375650
376022
376146
376270
376390
376392
376512
378107
378109
378207
378209
378329
378451
378453
378577
378579
378701
378703
378825
378827
378949
378951
379075
381294
384324
384326
384450
384452
384572
384575
384698
384700
384822
384824
384826
384948
384950
385070
385072
385192
385194
385292
386883
386885
387005
387007
387125
387127
387129
387251
387253
387377
387501
387627
387749
387751
387873
389466
389590
389842
390043
390104
390224
390284
390371
390377
390465
390905
393124
393248
393372
393498
393620
393622
393744
393746
393864
393866
395559
395561
395679
395681
395803
395925
395927
396051
396175
398518
398898
399043
399141
399201
399261
399319
399379
399833
399957
400204
401548
401670
401794
401920
402044
402168
402170
402294
402414
402416
402536
402538
404139
404237
404239
404361
404481
404483
404605
404607
404729
404731
404853
404855
404977
404979
405101
405103
405347
408129
408385
410342
410466
410468
410589
410591
410714
410716
410838
410840
410964
410966
411086
411208
411210
411308
412915
412917
413037
413039
413159
413161
413283
413285
413409
413533
413659
413781
413783
413905
415242
415616
415740
416069
416128
416188
416248
416312
416397
416402
419146
419270
419394
419518
419642
419764
419766
419884
419886
419986
421483
421587
421589
421707
421709
421831
421955
422081
422205
422329
424542
424924
424984
425069
425078
425167
425231
425287
425347
425407
425608
425735
425861
425985
426109
427700
427824
427948
428074
428198
428200
428322
428324
428442
428444
428566
428568
430158
430257
430259
430379
430381
430501
430503
430627
430629
430751
430753
430875
430877
430999
431001
431125
431127
433344
434156
436373
436375
436497
436499
436621
436623
436747
436749
436871
436873
436995
436997
437119
437241
437243
437341
438932
439054
439056
439174
439176
439300
439302
439426
439550
439674
439800
441763
442092
442153
442211
442271
442335
442428
442636
445169
445295
445419
445543
445545
445667
445791
445793
445911
445913
447614
447616
447734
447736
447858
448106
448230
448354
450569
450889
450949
451095
451190
451310
451370
451758
452008
453717
453841
453965
454089
454091
454215
454217
454339
454341
454459
454461
454583
456190
456288
456290
456412
456534
456536
456658
456660
456782
456784
456908
456910
457032
457034
457156
457158
459369
459440
460178
462395
462397
462519
462521
462643
462645
462767
462769
462891
462893
463015
463017
463139
463259
463261
463359
463361
464960
464962
465084
465086
465204
465206
465328
465330
465454
465456
465580
465828
467417
467665
467791
467917
468178
468237
468299
468359
468447
468454
468539
470951
471199
471323
471573
471697
471819
471821
471939
471941
473632
473634
473752
473754
473878
474002
474126
474128
474250
474252
476972
477119
477216
477276
477336
477396
477456
477784
477908
478158
479749
479873
479997
480121
480123
480247
480249
480371
480373
480491
480493
480615
480617
482304
482306
482428
482550
482552
482674
482676
482798
482800
482924
482926
483047
483049
483172
483174
485137
485393
485802
486206
488423
488425
488547
488549
488671
488673
488797
488799
488921
488923
489045
489047
489169
489291
489293
489391
490986
491108
491110
491228
491230
491352
491354
491476
491478
491602
491726
491848
491850
493571
493819
494145
494205
494265
494325
494385
494478
494563
494627
495005
496969
497217
497341
497465
497591
497715
497837
497839
497957
497959
499563
499666
499668
499786
499788
499910
499912
500034
500160
500284
500408
502619
503061
503147
503237
503298
503358
503417
503478
503680
503806
503932
504180
505771
505895
506019
506143
506267
506269
506391
506393
506511
506513
506635
508238
508336
508338
508460
508582
508584
508706
508708
508830
508832
508956
508958
509080
509082
509204
509206
511421
511830
512232
514451
514453
514575
514577
514699
514701
514823
514825
514947
514949
515071
515073
515195
515315
515317
515417
517010
517132
517134
517252
517254
517378
517502
517628
517876
519216
519593
519717
519969
520169
520231
520291
520349
520351
520409
520415
520590
520654
521030
523001
523497
523623
523747
523869
523871
523989
523991
525682
525684
525802
525804
525928
526052
526176
526178
526300
526426
529171
529177
529265
529445
529506
529960
530331
531799
531801
531923
532049
532173
532175
532297
532299
532421
532423
532543
532545
532667
534260
534358
534360
534602
534604
534726
534728
534850
534852
534974
534976
535098
535100
535222
535224
537191
537445
538258
540471
540593
540595
540716
540718
540843
540845
540967
540969
541091
541093
541215
541337
541339
541437
541439
543042
543164
543166
543286
543408
543410
543534
543658
543782
543906
544028
545371
545745
545995
546257
546317
546377
546435
546441
546521
546612
546672
546732
547052
549019
549389
549639
549763
549885
549887
550007
551612
551714
551716
551834
551836
551958
551960
552082
552084
552208
552210
552332
552456
552580
555194
555201
555290
555354
555410
555469
555528
555856
555982
557823
557825
557947
558071
558073
558195
558197
558319
558321
558443
558445
558563
558565
558687
558689
560284
560382
560384
560506
560626
560628
560750
560752
560876
560878
561000
561002
561124
561126
561250
561252
563213
563469
563871
564282
566501
566623
566625
566747
566749
566873
566875
566997
566999
567121
567123
567245
567247
567367
567369
567466
569060
569180
569182
569302
569426
569428
569552
569926
570048
571641
571765
572017
572219
572336
572399
572459
572638
572698
572760
573082
575049
575545
575671
575795
575915
575917
576037
576039
577630
577730
577732
577850
577852
577974
577976
578100
578224
578226
578348
578350
578474
581219
581225
581314
581554
581884
583845
583847
583969
583971
584095
584219
584221
584343
584345
584467
584469
584589
584591
584713
586313
586412
586414
586536
586656
586658
586780
586782
586904
586906
587028
587030
587152
587154
587276
587278
589497
589902
590306
592517
592639
592641
592765
592767
592889
592891
593013
593015
593137
593139
593263
593383
593385
593485
595090
595092
595212
595214
595334
595458
595460
595584
595958
597791
598043
598244
598305
598365
598423
598425
598485
598662
598719
598723
598781
598842
599101
601443
601567
601693
601815
601817
601937
601939
602057
602059
603656
603760
603762
603880
603882
604004
604006
604128
604130
604254
604378
604502
604504
604626
606841
607245
607254
607524
608038
608286
608407
609875
609877
609999
610123
610125
610247
610249
610373
610375
610497
610499
610619
610741
610743
612334
612432
612434
612556
612558
612678
612680
612802
612804
612926
612928
613050
613052
613176
613178
613300
613302
614889
615010
615263
615519
615592
615921
615930
616334
618551
618673
618675
618796
618798
618923
618925
619047
619049
619171
619173
619295
619297
619417
619419
619517
619519
621110
621112
621232
621234
621354
621478
623443
623567
624065
624329
624389
624449
624513
624604
624689
624748
624810
624870
625131
627595
627719
627843
627845
627965
627967
628087
629685
629687
629786
629788
629906
629908
630030
630032
630154
630156
630278
630280
630402
630404
630526
630528
630650
632869
633271
633546
633606
633934
634060
634184
635891
635893
636015
636017
636141
636143
636265
636267
636389
636391
636513
636515
636635
636637
636759
636761
638464
638466
638588
638708
638710
638832
638834
638958
638960
639082
639084
639208
639330
639332
639334
640914
641039
641289
641616
641947
641951
642354
644571
644695
644817
644819
644941
644943
645065
645067
645189
645191
645313
645315
645433
645435
645535
647138
647140
647260
647262
647382
647506
649343
649841
650093
650354
650415
650475
650539
650713
650715
650774
650836
650900
651154
653125
653747
653871
653991
653993
654113
655705
655806
655808
655928
656050
656052
656176
656300
656302
656424
656426
656548
656550
656674
656918
659295
659302
659630
659960
660210
660334
661923
661925
662047
662049
662173
662297
662299
662421
662423
662545
662547
662669
662791
662793
662891
664480
664482
664604
664724
664726
664848
664850
664974
664976
665098
665100
665223
665346
665348
666813
667187
667312
667639
667701
667760
667971
667977
668382
670599
670723
670847
670849
670971
670973
671097
671221
671345
671465
671467
671567
673162
673282
673284
673404
673528
673652
675869
676119
676381
676441
676499
676501
676559
676561
676735
676737
676796
676798
676856
676916
677179
677930
679641
679767
679891
680011
680013
680135
681735
681838
681840
681958
681960
682082
682084
682206
682208
682330
682332
682454
682456
682578
682580
682702
684919
685323
685324
685652
685980
686106
686230
687945
687947
688069
688071
688193
688195
688317
688319
688441
688443
688565
688567
688687
688811
688813
690510
690512
690634
690754
690756
690878
690880
691004
691006
691128
691130
691254
691376
691378
693091
693341
693671
693850
693914
693999
694002
696751
696753
696875
696877
696999
697001
697123
697125
697247
697249
697371
697491
697493
697593
699184
699304
699306
699552
699676
702145
702407
702471
702527
702586
702672
702761
702825
702882
702942
703002
703456
703580
705301
705675
705799
705923
706043
706045
706167
707752
707754
707852
707854
707974
707976
708098
708100
708222
708224
708346
708348
708472
708474
708596
708598
708720
710943
711347
711350
712008
712382
713975
713977
714099
714101
714223
714226
714349
714351
714473
714475
714597
714599
714721
714843
714845
714943
716530
716532
716654
716774
716776
716898
716900
717022
717024
717148
717272
717274
717396
717398
718871
719119
719243
719695
720025
720430
722647
722771
722895
723019
723143
723145
723267
723269
723391
723393
723511
723513
723615
725214
725216
725334
725336
725458
725580
725582
725706
725830
728173
728433
728493
728553
728617
728786
728788
728850
728906
728966
729227
729480
729728
731195
731317
731565
731691
731815
731939
732059
732061
732183
733786
733886
733888
734008
734130
734132
734256
734258
734380
734382
734504
734506
734628
734630
734754
737375
738032
739999
740001
740123
740125
740247
740249
740371
740373
740495
740497
740619
740621
740741
740863
740865
742558
742680
742682
742802
742804
742926
742928
743050
743052
743176
743300
743302
743424
743426
744891
745265
745389
745719
745959
746045
746052
746582
748675
748797
748799
748923
749047
749173
749295
749297
749419
749421
749539
749541
749643
751234
751236
751354
751356
751478
751602
751728
751852
754191
754453
754513
754633
754717
754727
754816
754876
754936
754994
755258
755384
755510
755758
756008
757227
757473
757597
757847
757971
757973
758091
758093
758215
759806
759906
759908
760028
760150
760152
760276
760278
760400
760402
760524
760526
760647
760649
760774
762991
763395
763803
764060
766021
766023
766145
766147
766268
766270
766395
766397
766519
766521
766643
766645
766765
766767
766889
766891
768588
768710
768712
768830
768832
768954
768956
769080
769204
769328
769452
771295
771419
771745
771805
771865
771925
771985
772073
772221
774815
774939
774941
775063
775065
775189
775313
775437
775439
775557
775559
775659
777266
777268
777386
777388
777510
777634
777884
778008
778256
780479
780543
780599
780745
780750
780838
780898
780958
781016
781278
781776
781899
783743
783867
783991
784111
784113
784233
785831
785833
785932
785934
786054
786176
786178
786302
786304
786426
786428
786550
786552
786674
786676
786800
789017
789756
792049
792051
792173
792175
792297
792299
792421
792423
792547
792549
792671
792673
792793
792795
792915
792917
793015
794606
794608
794728
794730
794850
794852
794974
794976
795100
795224
795350
795472
795474
796939
797188
797313
797827
798007
798095
798102
798506
800847
800973
801097
801221
801345
801469
801471
801589
801591
803282
803284
803402
803404
803526
803650
803776
803900
804024
806241
806622
806683
806861
806863
806924
806984
807041
807102
807303
807432
807556
807680
809397
809521
809645
809771
809895
809897
810019
810021
810139
810141
810263
810265
811860
811958
811960
812080
812082
812202
812204
812326
812328
812450
812452
812574
812576
812697
812699
812822
812824
815045
815450
815852
818067
818069
818191
818193
818315
818317
818441
818443
818565
818567
818689
818691
818813
818935
818937
819035
820638
820760
820762
820882
820884
821006
821008
821130
821132
821256
821382
821506
822967
823216
823341
823467
823593
823796
823855
823915
824035
824123
824126
824650
826869
826993
827117
827241
827243
827365
827487
827489
827607
827609
829312
829314
829432
829434
829556
829680
829806
829930
830054
830302
832269
832650
832714
832797
832802
832889
832953
833010
833069
833128
833330
833456
834078
835425
835551
835799
835923
835925
836047
836049
836167
836169
836291
837880
837980
837982
838102
838224
838226
838350
838352
838474
838476
838598
838600
838721
838724
838848
841069
844099
844101
844225
844227
844348
844350
844473
844475
844597
844599
844723
844725
844845
844967
844969
845067
846654
846656
846778
846780
846898
846900
847022
847024
847148
847274
847398
847522
847644
849117
849241
849365
849491
849617
849817
849879
849939
849998
850059
850147
850152
852899
853023
853147
853273
853397
853519
853521
853639
853641
855332
855334
855452
855454
855576
855700
855824
855948
856072
856320
858294
858675
858734
858821
858824
858912
858972
859032
859092
859353
859480
859730
859854
861321
861443
861445
861567
861817
861941
861943
862065
862067
862187
862189
862309
863912
864010
864012
864134
864256
864258
864380
864382
864504
864506
864628
864630
864752
864754
864876
864878
866841
867095
