indexes
56
119
179
237
467
591
715
2068
2190
2310
2552
2554
2676
2678
2800
2924
3048
3172
3294
3296
3540
5259
5381
5503
5627
6247
6369
6842
6964
7088
7214
7462
7584
7586
7712
7714
7836
7960
8084
8735
8975
9030
9032
9141
9143
9265
9267
9389
9391
9513
9635
9761
9884
10009
10133
10257
11112
11234
11358
11480
11482
11604
11606
11728
11730
11852
12098
12218
13807
13925
14051
14173
14295
14297
14419
14421
14545
14669
14793
14915
15268
15764
15888
16011
16136
16262
16386
16510
16632
16634
16758
16760
16880
16882
16992
17049
17110
17291
17350
17943
18067
18191
18315
18438
18440
18565
18688
19061
19182
19664
19786
19908
20774
22479
22725
22845
22969
23093
23219
23341
23343
23465
23467
23711
23833
25432
25555
25784
25843
25845
25904
25963
25968
26084
26145
26205
26207
26264
26323
26385
26493
26495
26619
27985
28036
28216
28338
28582
28584
28706
28830
28956
29080
29204
29324
29572
31279
31399
31521
31645
32265
32387
32502
32870
32992
32994
33116
33240
33363
33488
33490
33611
33613
33736
33738
33860
33862
33984
34108
34232
34756
34758
35059
35167
35169
35291
35293
35415
35417
35539
35541
35663
35789
35913
36037
36163
36287
36765
37130
37376
37498
37500
37624
37626
37748
37872
38118
38120
38238
38240
39839
39957
39959
40081
40201
40203
40325
40327
40449
40451
40573
40575
40697
40699
40821
40943
41245
41305
41914
42040
42164
42536
42538
42660
42662
42784
42786
42906
42908
43016
43076
43136
43316
43318
44091
44215
44337
44462
44589
44713
45087
45207
45682
45804
45926
46546
46668
46790
48511
48755
48877
49003
49127
49251
49375
49499
49501
49743
49745
49865
49987
50047
51458
51812
51872
51930
51932
51990
51992
52108
52110
52171
52231
52291
52349
52409
52517
52519
52641
54004
54242
54244
54606
54608
54730
54732
54854
54856
54978
54980
55102
55226
55346
55470
55592
57307
57551
57675
57923
58293
58295
58890
59014
59138
59262
59385
59512
59634
59636
59760
59762
59884
59886
60009
60258
60785
60787
61087
61195
61197
61319
61321
61443
61445
61567
61569
61692
61817
61941
62065
62188
62807
63160
63162
63406
63530
63654
63778
63902
64150
64270
65857
65977
66101
66221
66345
66347
66471
66473
66595
66597
66719
66721
66843
66967
67209
67269
67316
67329
67812
67936
68060
68310
68434
68558
68682
68806
68808
68928
68930
69038
69040
69098
69158
69218
69340
69402
70243
70366
70493
70617
70991
71115
71239
71712
72578
72700
72822
74531
74775
74777
74897
75269
75395
75517
75519
75763
75885
76065
77603
77834
77894
77953
78014
78136
78138
78197
78202
78257
78317
78377
78434
78545
78547
80144
80264
80630
80632
80754
80878
80880
81004
81128
81252
81372
81496
83335
83337
83457
83579
84319
84441
85044
85168
85292
85416
85542
85665
85790
85792
85914
86038
86808
87110
87219
87341
87343
87467
87469
87591
87593
87715
87717
87839
87965
88089
88212
88214
88337
89176
89422
89546
89670
89672
89794
89918
90166
90284
90286
91891
92009
92133
92135
92253
92379
92381
92505
92627
92629
92751
92753
92999
93241
93361
93960
94086
94210
94584
94706
94708
94829
94831
94953
94955
95064
95122
95304
95364
95366
96261
96385
96509
96633
96759
97133
97254
97378
97734
97978
98718
98840
100559
100801
101049
101173
101421
101545
101547
101789
101791
102262
103629
103919
103980
104037
104161
104163
104223
104282
104343
104403
104463
104571
104573
104695
104819
106170
106229
106290
106412
106656
106658
106780
106782
106906
107030
107154
107278
107280
107398
107646
109355
109599
109847
109971
110341
110343
110568
110938
111062
111184
111310
111434
111558
111560
111680
111682
111808
111810
111931
111933
112056
112180
112306
112834
113135
113245
113367
113369
113493
113495
113617
113619
113741
113743
113865
113991
114115
114239
114241
114363
115206
115208
115454
115576
115578
115702
115824
115826
115950
116072
116194
116196
116316
117905
117907
118027
118149
118271
118397
118519
118521
118643
118645
118769
118771
119259
119319
119379
119984
120107
120232
120354
120604
120728
120730
120852
120854
120973
120975
121086
121146
121386
121388
121509
121569
122167
122291
122415
122539
122665
122788
123162
123760
124004
124626
124748
124750
124870
126585
126827
126949
127073
127197
127320
127445
127567
127569
127811
127933
128294
129534
129657
129886
129945
130006
130182
130184
130247
130307
130365
130425
130484
130593
130595
130719
130843
130967
132190
132250
132309
132312
132676
132678
132800
132802
132924
132926
133048
133050
133174
133298
133418
133420
133542
133665
135387
135631
135755
135879
136003
136371
136373
137092
137214
137338
137340
137462
137464
137588
137710
137712
137836
137838
137960
137962
138086
138210
138332
138856
139156
139263
139265
139386
139388
139511
139513
139635
139637
139758
139760
139885
140009
140132
140134
140256
140258
140383
140507
140879
141230
141232
141476
141600
141724
141848
141970
141972
142214
142336
143935
144055
144177
144299
144423
144425
144547
144549
144671
144673
144797
144799
144921
145043
145347
145392
145407
145888
146012
146385
146510
146758
146882
146884
147004
147006
147116
147174
147234
147294
147354
147416
147418
148313
148437
148561
148684
148932
149057
149181
149305
149788
149790
150034
150776
150898
152605
152847
153095
153219
153591
153593
153835
153837
154139
154192
154314
155680
155971
156032
156092
156209
156211
156271
156331
156391
156450
156619
156743
156745
156867
158108
158164
158224
158344
158466
158710
158832
158834
158958
158960
159082
159208
159332
159452
159576
159696
161401
161403
161645
161771
161895
162019
162389
163116
163238
163362
163364
163484
163486
163612
163734
163736
163860
163862
163984
163986
164110
164234
164357
164466
165181
165291
165414
165539
165541
165663
165665
165786
165788
165910
165912
166036
166161
166285
166287
166409
166411
166533
167258
167260
167628
167752
167754
167876
167878
168002
168246
168248
168368
169957
170075
170077
170199
170319
170321
170443
170445
170567
170569
170691
170693
170815
170817
170939
171063
171305
171485
172784
172906
172908
173028
173030
173140
173195
173258
173318
173378
173439
174339
174463
174587
174713
175211
175452
175686
175705
175806
175808
175930
176052
176176
176796
176918
178637
178879
179497
179621
179863
179865
180342
181084
181212
181291
181938
181997
182058
182118
182175
182231
182233
182295
182355
182415
182473
182533
182641
182643
182767
182891
184303
184364
184606
184728
184850
184852
184974
184976
185098
185100
185222
185224
185346
185348
185468
185711
187435
187679
187803
187927
188051
188421
188423
189140
189264
189388
189510
189636
189638
189760
189762
189886
189888
190010
190012
190134
190136
190258
190260
190383
190908
191208
191315
191317
191438
191440
191563
191565
191687
191689
191810
191934
192059
192061
192183
192185
192306
192308
192431
193284
193286
193530
193654
193776
193778
193900
193902
194024
194026
194268
194390
195979
195981
196101
196103
196225
196345
196469
196595
196597
196719
196721
196843
196845
196966
196968
197091
197333
197395
198682
198806
198930
199052
199054
199164
199223
199282
199342
199402
199464
199465
199766
200493
200616
201836
201838
202082
202826
202948
203070
204657
204899
204901
205147
205643
205645
205887
205889
206240
206362
206984
208080
208139
208260
208262
208323
208443
208503
208563
208671
208673
208795
208797
208919
210270
210330
210392
210634
210758
210880
210882
211004
211006
211128
211130
211256
211378
211500
211622
211744
211746
213333
213453
213455
213697
213699
213823
213947
214071
214195
214441
214443
215168
215290
215292
215414
215416
215538
215662
215664
215785
215787
215910
215912
216034
216036
216158
216282
216406
216814
217234
217341
217343
217467
217591
217715
217717
217838
217840
217963
217965
218087
218089
218213
218215
218337
218338
218463
218585
219079
219302
219304
219674
219798
219922
220046
220290
222011
222133
222257
222375
222377
222499
222501
222625
222747
222871
222873
222995
222997
223239
223359
223421
224834
224958
225080
225082
225190
225249
225308
225368
225428
225487
225489
225550
225608
225669
225729
226019
226391
227263
227386
227507
227854
227856
228098
228222
228346
228842
228963
230689
230933
231677
231921
232259
232388
233132
233258
234044
234284
234286
234347
234407
234467
234525
234585
234693
234695
234817
234819
234941
236296
236303
236416
236780
236902
236904
237026
237028
237150
237152
237274
237276
237400
237520
237642
237762
239359
239479
239725
239727
239849
239851
239973
240099
240223
240467
240469
241186
241310
241312
241434
241436
241558
241560
241684
241686
241808
241810
241932
241934
242056
242058
242182
242184
242306
242429
242538
243369
243493
243617
243619
243741
243743
243865
243867
243989
243991
244113
244115
244237
244239
244360
244362
244485
244608
245332
245702
245826
245950
246074
246076
246318
248031
248151
248275
248395
248519
248643
248645
248767
248769
248893
248895
249017
249261
249383
249503
250854
250978
251098
251100
251210
251270
251330
251390
251450
251510
251512
251632
251696
252045
252417
252791
253289
253412
253582
253884
254128
254130
254502
254872
254874
255116
256705
256827
256949
257693
257937
258292
258414
259282
260065
260126
260308
260310
260373
260433
260493
260552
260607
260616
260719
260721
260843
260845
260969
261093
261215
261591
262318
262335
262378
262438
262804
262926
262928
263052
263054
263176
263178
263300
263302
263426
263546
263670
263789
265511
265753
265755
265877
266001
266125
266249
266493
266495
267342
267466
267589
267591
267716
267840
267964
268086
268088
268210
268212
268334
268336
268456
268458
268566
268863
269393
269517
269641
269765
269767
269889
269891
270013
270015
270137
270139
270262
270264
270389
270513
270635
271348
271350
271596
271970
272092
272094
272336
274061
274185
274309
274429
274553
274677
274679
274801
274803
274925
274927
275049
275051
275415
275477
275516
275638
276882
277004
277006
277127
277129
277238
277297
277358
277418
277478
277537
277540
277658
277722
277779
278067
279433
279910
279912
280154
280894
280896
281016
281138
282979
283723
283967
284068
284316
284562
284936
285060
285310
285434
286156
286216
286336
286338
286519
286579
286639
286747
286749
286871
286995
287119
288348
288406
288468
288710
288834
288956
288958
289080
289082
289204
289206
289332
289456
289576
289698
289700
289818
291409
291529
291531
291775
291899
292023
292147
292149
292271
292517
292519
293238
293362
293484
293486
293608
293610
293734
293736
293858
293984
294108
294110
294232
294356
294358
294479
294481
294890
295419
295543
295667
295791
295793
295915
295917
296039
296041
296162
296165
296288
296290
296412
296414
296539
296661
296663
297155
297382
297628
298002
298124
298126
298248
298368
298492
300081
300325
300445
300447
300569
300695
300818
300943
300945
301067
301311
301433
301495
301613
301664
303028
303151
303153
303262
303322
303380
303442
303500
303502
303559
303564
303627
303685
303745
303805
304095
305462
305583
305596
305813
305936
306180
306304
306428
306802
306924
307168
308881
309003
309743
309865
309987
310470
310594
311212
311338
312298
312358
312360
312421
312601
312658
312660
312769
312771
312893
312895
313017
313019
313141
313515
313639
314364
314383
314423
314728
314850
314972
314974
315096
315224
315348
315470
315472
315592
315716
315836
317439
317559
317805
317807
317929
317931
318053
318055
318179
318303
318547
318549
318892
319264
319388
319512
319635
319637
319762
319885
320010
320012
320134
320136
320258
320260
320382
320384
320507
320509
320616
320916
321565
321689
321813
321935
321937
322061
322063
322184
322186
322309
322435
322559
322561
322683
322806
323402
323404
323772
323896
324020
324144
324386
326109
326111
326355
326477
326599
326725
326848
326973
326975
327097
327341
327463
327525
327585
327643
328930
329054
329177
329179
329288
329348
329412
329466
329526
329528
329588
329710
329771
329830
331603
331840
331962
332206
332208
332330
332454
332704
332950
333192
334903
335023
335025
335767
336011
336013
336486
336610
336734
337108
337232
337358
337482
337606
338322
338385
338567
338627
338685
338687
338793
338795
338917
338919
339043
339167
339290
339665
339789
340396
340407
340456
340516
340758
340882
341004
341006
341128
341130
341252
341254
341378
341380
341504
341624
341748
341868
343455
343575
343821
343823
343947
344071
344195
344319
344565
345410
345534
345658
345660
345782
345784
345906
346032
346156
346158
346280
346282
346404
346406
346526
346528
346638
346936
347467
347591
347715
347839
347841
347962
347964
348086
348088
348213
348337
348339
348462
348587
348711
349430
349432
349926
350174
350418
352129
352251
352375
352495
352619
352743
352867
352989
352991
353115
353117
353359
353481
353543
353603
355080
355202
355372
355432
355490
355492
355550
355612
355675
355733
355797
355853
355912
355973
356141
356638
357631
357859
357980
357982
358224
358226
358350
358598
358722
358970
359214
360933
361055
361057
361797
361919
362041
362516
362638
363012
363136
363259
363386
363510
363634
364407
364409
364648
364709
364817
364819
364941
364943
365065
365067
365189
365563
365687
365813
366416
366475
366778
366900
367022
367146
367148
367270
367272
367394
367396
367518
367640
367763
367765
367884
369487
369489
369607
369853
369855
369979
370101
370103
370227
370351
370597
370901
371312
371436
371560
371685
371808
371810
371932
372058
372182
372184
372306
372308
372430
372432
372553
372555
372664
372961
373491
373615
373739
373863
373984
373986
374107
374109
374232
374234
374356
374358
374482
374607
374729
374851
375336
375458
375952
376076
376200
376442
378155
378399
378401
378521
378523
378645
378647
378771
378895
379019
379021
379143
379145
379387
379509
379571
380982
381106
381228
381458
381460
381518
381578
381636
381639
381761
381821
381881
381942
382171
382295
383536
383655
383770
383891
384014
384256
384258
384382
384506
384630
384754
385002
385246
386953
386955
387075
387819
387941
388063
388538
388662
388910
389034
389160
389282
389408
389532
390434
390677
390735
390737
390843
390845
390967
390969
391093
391095
391217
391340
391465
391715
391839
392459
392505
392808
392810
393054
393056
393178
393180
393302
393426
393554
393674
393798
393918
395507
395627
395873
395995
395997
396119
396121
396245
396369
396493
396615
396972
397342
397466
397590
397711
397713
397838
397962
398084
398086
398208
398210
398332
398334
398456
398458
398578
398580
398688
398988
399050
399643
399767
399891
400013
400015
400139
400141
400263
400265
400389
400513
400639
400761
400883
401480
401850
401974
402466
402468
404187
404429
404431
404551
404675
404799
404923
405047
405169
405171
405413
405535
405655
405768
407010
407134
407255
407257
407426
407486
407544
407604
407663
407668
407845
407904
408022
408193
408319
409683
409788
409908
410030
410272
410274
410396
410522
410646
410770
410894
411018
412985
412987
413107
413851
413973
414095
414686
414810
415060
415184
415306
415308
415434
415558
415682
416459
416461
416701
416759
416761
416867
416869
416990
416993
417115
417117
417239
417363
417735
417858
417860
417983
418470
418530
418590
418832
418954
419076
419078
419200
419202
419324
419326
419448
419574
419694
419816
419818
419936
419938
421535
421655
421779
421899
421901
422027
422149
422151
422273
422275
422397
422399
422645
422947
423486
423610
423734
423858
423982
424108
424232
424354
424356
424480
424482
424603
424605
424712
424769
424833
425014
425545
425917
425919
426041
426043
426165
426167
426288
426291
426415
426539
426663
426785
426908
427386
427508
428252
428374
428496
430205
430449
430571
430697
430819
430821
430944
431069
431193
431195
431437
431439
431559
431621
431681
431775
433277
433279
433388
433446
433508
433568
433628
433688
433810
433812
433870
433872
433930
433932
433992
434220
434344
435712
435938
436061
436305
436307
436429
436431
436553
436679
436803
436927
437047
437293
439004
439248
439990
440221
440591
440713
440837
441084
441209
441332
441457
441581
441705
441829
442483
442485
442785
442894
442896
443018
443020
443142
443144
443266
443268
443391
443640
443763
443765
443890
444855
445101
445223
445225
445349
445473
445475
445597
445719
445845
445963
447562
447682
447928
448050
448052
448174
448176
448298
448300
448422
448668
448970
449639
449764
449889
450012
450137
450259
450261
450383
450385
450507
450509
450630
450632
450739
451036
451816
451940
452064
452066
452190
452314
452440
452563
452688
452811
452935
453403
453525
454269
454391
454513
456238
456482
456484
456728
456854
456976
457102
457224
457226
457468
457590
457770
459181
459304
459535
459594
459653
459655
459713
459715
459834
459894
459954
460014
460242
461730
461785
461843
461903
461965
462085
462327
462329
462451
462453
462575
462577
462699
462823
462947
463067
463191
463313
465032
465154
465276
465400
466020
466142
466613
466737
466861
466985
467108
467235
467359
467483
467485
467575
467607
467609
467980
468510
468752
468810
468918
468920
469042
469044
469166
469168
469290
469412
469538
469662
469786
469909
470034
470580
470883
470885
471129
471131
471253
471255
471379
471501
471627
471629
471749
471873
471991
473582
473702
473946
473948
474070
474072
474194
474196
474322
474444
474568
474690
474994
475054
475659
475783
475909
476033
476283
476405
476407
476529
476531
476652
476654
476763
477003
477060
477064
477126
477842
477966
478090
478213
478215
478340
478588
478714
478838
478962
479435
479557
480177
480301
480423
480545
482206
482254
482500
482620
482744
482868
482993
483118
483240
483242
483486
483608
483788
483824
483839
485326
485496
485557
485616
485677
485741
485860
485862
485920
485926
485980
486040
486100
486268
486394
487758
487809
487869
487989
488111
488355
488357
488479
488603
488605
488727
488853
488977
489097
489221
489345
491056
491178
491300
491918
492040
492769
492893
493017
493140
493265
493387
493513
493515
493637
493761
493885
494533
494776
494834
494944
495066
495068
495192
495194
495316
495318
495439
495563
495690
495812
495938
495940
496062
496901
496903
497149
497271
497273
497395
497397
497519
497521
497645
497767
497889
497890
498011
499614
499616
499734
499858
499978
499980
500106
500230
500352
500354
500476
500722
501563
501687
502060
502185
502309
502431
502433
502557
502559
502679
502681
502791
502849
502909
503091
503093
503740
503988
504114
504236
504238
504361
504611
504736
504860
505354
505459
505581
505703
506321
506443
506565
508286
508530
508532
508652
508776
508900
509025
509150
509272
509274
509518
509640
509989
511233
511356
511585
511644
511646
511707
511764
511886
511888
511947
512008
512068
512124
512186
512294
512296
512418
512542
513777
513801
513957
514019
514383
514385
514507
514509
514631
514633
514755
514757
514879
514881
515003
515005
515123
515247
515369
517080
517202
517324
517448
518068
518190
518665
518789
518911
519037
519161
519285
519287
519408
519410
519535
519537
519659
519783
519907
520559
520802
520861
520968
520970
521092
521094
521218
521220
521342
521344
521466
521589
521715
521839
521963
521965
522088
522584
522933
522935
523181
523303
523305
523429
523551
523553
523677
523799
523921
524043
525630
525632
525750
525752
525874
525998
526122
526244
526246
526368
526370
526494
526618
526740
527044
527585
527959
528082
528333
528455
528457
528579
528581
528703
528705
528813
528873
529113
529115
530140
530142
530265
530514
530640
531011
531487
531609
531731
532475
532597
532719
534550
534552
534672
534796
534920
535168
535292
535294
535536
535538
535658
535840
537380
537609
537667
537726
537728
537789
537910
537912
537972
538032
538092
538151
538320
538444
538568
539812
539915
540037
540401
540403
540525
540527
540649
540651
540773
540775
540899
541023
541143
541145
541265
541391
542990
543112
543114
543234
543356
543480
544096
544218
544815
544939
545063
545065
545186
545313
545436
545438
545561
545563
545685
545687
545811
545935
546059
546582
546883
546990
546992
547114
547116
547238
547240
547364
547487
547611
547613
547735
547737
547862
547986
547988
548110
548112
548951
548953
549197
549319
549321
549445
549569
549693
549937
550059
551664
551782
551906
551908
552026
552152
552154
552276
552278
552400
552402
552524
552526
552650
552772
553014
553735
554357
554481
554605
554607
554728
554730
554839
554899
554957
555017
555136
555140
556038
556161
556286
556410
556534
556906
557027
557511
557513
557755
558495
560332
560574
560822
560946
561070
561194
561318
561320
561562
561564
561684
561866
562779
563633
563693
563753
563813
563936
563938
563998
564058
564117
564177
564346
564348
564470
564472
564594
565945
565956
566065
566431
566433
566555
566681
566805
566929
566931
567053
567173
567175
567297
567421
569130
569374
569498
569622
569746
570116
570118
570713
570837
570959
570961
571085
571209
571333
571335
571456
571458
571583
571585
571707
571709
571830
571832
571955
572608
572909
573018
573142
573266
573268
573390
573392
573514
573516
573638
573640
573764
573888
574012
574014
574136
574677
574981
574983
575351
575475
575477
575599
575601
575723
575725
575971
576091
577678
577680
577800
577922
577924
578044
578046
578168
578170
578292
578294
578416
578418
578542
578544
578666
579092
579152
579761
579883
580009
580380
580503
580505
580627
580629
580749
580751
580859
580919
580979
581039
581099
581161
581163
582064
582189
582313
582936
583058
583531
583777
584519
584521
584643
586362
586604
586726
586850
587098
587222
587344
587346
587588
587590
587710
587890
587943
588937
589432
589661
589721
589781
589838
589899
589958
589960
590022
590080
590082
590140
590200
590259
590368
590370
590494
591868
591905
591963
592023
592083
592085
592449
592571
592573
592697
592699
592821
592823
592947
593069
593071
593191
593315
593435
593437
595162
595406
595530
595654
595778
596148
596150
596739
596863
596987
597111
597234
597359
597361
597483
597609
597611
597733
597735
597857
597859
597981
598107
598515
598631
599040
599164
599286
599288
599410
599412
599534
599536
599658
599660
599782
599784
599908
599910
600031
600033
600156
600280
601005
601007
601251
601375
601499
601623
601745
601991
602111
603706
603708
603828
603830
603952
604072
604074
604196
604198
604322
604324
604446
604448
604570
604572
604694
604818
605060
605122
606531
606652
606654
606776
606778
606887
606940
607007
607067
607187
607189
607312
607722
608094
608215
608342
608466
608838
608962
609084
609561
609563
609807
610549
610551
610671
612626
613120
613246
613370
613614
613616
613736
613963
614831
614957
615743
615802
615988
615990
616050
616110
616168
616232
616287
616396
616398
616522
616646
616770
617937
617995
618054
618117
618481
618483
618605
618607
618729
618731
618853
618855
618979
618981
619103
619223
619225
619347
619471
621058
621178
621180
621424
621548
621672
621798
622166
622168
622767
622891
623013
623015
623137
623260
623385
623387
623509
623511
623633
623635
623757
623759
623881
623883
624005
624129
624536
624659
625068
625192
625194
625316
625318
625440
625442
625564
625566
625690
625814
625937
625939
626063
626188
626311
627029
627031
627277
627401
627525
627649
627773
628017
628139
629736
629856
629978
629980
630098
630100
630222
630346
630470
630594
630596
630718
631082
631144
631262
631815
631938
632435
632559
632681
632683
632804
632806
632915
632972
633032
633093
633153
633213
633215
633276
633334
633398
634116
634490
634988
635111
635457
635577
635579
635701
635823
635947
636071
636567
636689
638414
638658
639028
639400
639402
639644
639982
640113
640855
640983
642007
642009
642070
642130
642190
642308
642310
642416
642418
642540
642542
642664
642788
643286
644019
644030
644139
644381
644503
644625
644627
644749
644751
644875
644999
645123
645243
645365
645485
647086
647206
647210
647452
647454
647576
647702
647826
647950
648196
648198
648913
649035
649037
649161
649284
649286
649411
649533
649535
649659
649661
649783
649785
649907
649909
650031
650033
650157
650563
651094
651216
651218
651340
651342
651464
651466
651588
651590
651712
651836
651838
651960
651962
652084
652086
652208
652332
653057
653059
653427
653553
653675
653677
653801
654043
654165
655756
655876
655998
656000
656120
656244
656246
656368
656370
656492
656494
656618
656620
656742
657170
657228
657288
657833
658455
658579
658703
658826
658828
658937
658997
659055
659115
659175
659237
659239
659420
659480
660266
660390
661489
661506
661609
661611
661855
661979
662599
662721
664430
664672
664674
664920
665416
665418
665660
665662
666015
666137
666633
667007
667853
667913
668033
668035
668216
668276
668334
668444
668446
668568
668570
668692
668818
669933
669985
670045
670058
670105
670165
670531
670653
670655
670779
670781
670903
670905
671027
671029
671153
671273
671397
671517
673232
673474
673598
673722
673846
674214
674216
674945
675067
675191
675314
675316
675439
675441
675561
675563
675687
675689
675811
675813
675935
676059
676182
677116
677240
677364
677488
677490
677611
677736
677738
677860
677862
677986
677988
678110
678112
678236
678358
679075
679077
679323
679571
679697
679819
679821
680063
680187
681784
681908
682030
682152
682274
682276
682398
682400
682524
682646
682648
682770
682772
683014
683134
683196
683243
683256
683365
684609
684731
684733
684852
684854
684965
685025
685085
685145
685265
685267
685502
685790
687157
687279
687513
687633
687635
687877
687879
688001
688249
688373
688619
688741
688863
690460
690702
690704
691446
691448
691692
692165
692910
693035
693820
694058
694060
694240
694300
694364
694466
694468
694590
694592
694714
694716
694838
695209
695334
695458
696073
696133
696559
696681
696683
696807
696809
696933
697057
697181
697299
697301
697423
697543
699132
699254
699498
699622
699746
699870
699994
700240
700242
700965
701089
701211
701213
701336
701338
701461
701463
701585
701711
701835
701837
701959
701961
702083
702085
702207
702209
702317
702616
703140
703263
703265
703388
703390
703514
703636
703638
703761
703763
703884
703887
704012
704135
704260
704262
704383
704987
705109
705111
705605
705729
705853
706097
706219
707800
707924
708046
708048
708166
708168
708290
708292
708416
708540
708542
708664
708666
708788
708790
709154
709216
709267
710631
710755
710879
710881
710989
711045
711107
711109
711167
711227
711289
711526
711587
712313
712437
713182
713305
713541
713663
713907
714031
714155
714649
714651
714895
716480
716602
716722
717342
717466
717588
717710
718195
718938
719063
719844
719905
720022
720082
720084
720144
720323
720382
720384
720492
720494
720616
720618
720740
720742
720864
721362
722151
722213
722455
722579
722701
722703
722825
722827
722949
722951
723077
723199
723201
723321
723443
723565
725162
725282
725528
725652
725774
725898
726022
726266
726268
726993
727115
727117
727241
727361
727363
727489
727491
727612
727614
727739
727861
727863
727987
727989
728111
728113
728234
728756
729164
729290
729414
729536
729538
729660
729662
729785
729787
729910
729912
730036
730159
730286
730408
730530
731127
731495
731619
731745
731869
732111
732113
733834
733836
733956
734080
734200
734324
734450
734572
734574
734698
734700
734822
735066
735188
735250
735308
735368
735413
736657
736780
736903
737073
737133
737193
737253
737313
737315
737433
737497
737613
738334
739326
739385
739687
739689
739931
739933
740671
740673
740915
742628
742750
743494
743616
743738
743740
744213
744461
744956
745083
746110
746112
746174
746294
746354
746412
746414
746520
746522
746646
746648
746770
746894
747018
747515
748121
748179
748241
748483
748607
748729
748731
748853
748855
748977
748979
749103
749105
749229
749349
749471
749473
749593
751182
751184
751302
751548
751550
751674
751796
751798
751922
752046
752292
753011
753134
753259
753383
753385
753507
753509
753631
753757
753881
753883
754005
754007
754129
754131
754252
754254
754663
755194
755318
755442
755566
755568
755689
755691
755813
755815
755938
755940
756064
756066
756190
756314
756436
756438
757157
757777
757899
757901
758023
758143
759854
759976
760100
760220
760344
760346
760468
760470
760593
760718
760720
760842
760844
761086
761208
761270
761441
762803
762925
762927
763037
763097
763157
763215
763217
763274
763276
763335
763338
763402
763460
763524
763580
763639
763700
763870
765358
765369
765586
765707
765709
765953
766077
766201
766327
766575
766697
766941
768658
768780
768902
769642
769764
770243
770367
770491
770865
770989
771113
771237
771361
772129
772131
772256
772316
772376
772433
772542
772544
772666
772668
772792
772916
773039
773414
773538
774158
774197
774623
774745
774747
774869
774871
774995
774997
775121
775243
775245
775365
775489
775609
777214
777334
777336
777458
777580
777704
777706
777828
777952
777954
778076
778322
778324
778626
778665
779037
779161
779285
779409
779411
779535
779658
779783
779907
779909
780031
780033
780154
780156
780278
780280
780389
780689
781214
781338
781460
781462
781584
781586
781708
781710
781832
781834
781955
781957
782082
782205
782330
782332
782454
782577
783179
783181
783549
783673
783797
783921
784163
785880
786124
786126
786248
786370
786372
786496
786619
786744
786746
786868
787112
787234
787296
787414
787461
788704
788829
788953
789120
789183
789241
789301
789363
789483
789544
789603
789894
791378
791493
791613
791735
791737
791979
791981
792105
792229
792353
792477
792725
792967
794676
794678
794798
795542
795664
795786
796261
796385
796633
796757
796883
797005
797131
797133
797255
798158
798160
798458
798568
798570
798692
798694
798816
798818
798940
799066
799314
799438
800229
800533
800655
800777
800779
800903
800905
801027
801029
801151
801153
801275
801277
801399
801521
801641
803230
803350
803474
803594
803596
803720
803844
803970
804092
804338
804340
804642
805187
805309
805311
805433
805435
805559
805681
805683
805807
805931
806053
806055
806179
806181
806302
806304
806411
806713
807366
807490
807614
807738
807862
807864
807986
807988
808110
808362
808484
808606
809083
809205
809825
809949
810071
810193
811908
812150
812272
812396
812520
812643
812768
812890
812892
813134
813256
813318
813378
813436
813472
814857
814979
815149
815209
815268
815329
815389
815568
815628
815688
815916
817407
817632
817755
817999
818001
818123
818247
818497
818621
818741
818743
818987
820708
820830
821574
821818
822413
822537
822661
822787
822911
823032
823159
823161
823285
823533
824181
824422
824481
824588
824590
824712
824714
824838
824840
824962
825085
825210
825336
825459
825584
825708
826253
826555
826801
826923
826925
827047
827049
827171
827295
827417
827541
827659
827661
829260
829380
829504
829624
829626
829750
829752
829874
829876
829998
830000
830122
830368
830370
830672
831213
831335
831337
831458
831585
831711
831835
831959
832081
832083
832207
832209
832329
832331
832439
832499
832738
833390
833514
833638
833762
833886
834010
834133
834256
834382
834506
835233
835235
835357
835977
836099
836221
837928
838172
838174
838294
838418
838420
838544
838667
838792
838794
838916
838918
839160
839282
839404
840881
841002
841233
841293
841353
841355
841413
841415
841476
841534
841593
841654
841714
841774
841944
843434
843451
843605
843666
843789
844031
844033
844157
844281
844405
844529
844655
844777
844899
845021
846726
846848
846970
847094
847714
847836
848315
848437
848561
848685
848807
848935
849059
849183
849185
849307
849681
850205
850207
850448
850508
850616
850618
850740
850742
850864
850866
850988
850990
851362
851486
851612
852280
852583
852829
852831
852953
853077
853201
853327
853329
853449
853573
853693
855280
855282
855400
855524
855644
855646
855768
855770
855892
855894
856016
856018
856140
856142
856386
856388
856690
856749
856750
857243
857367
857490
857615
857737
857863
857987
858109
858111
858233
858235
858356
858358
858465
858760
859664
859786
859788
859912
860036
860160
860286
860410
860534
860657
861131
861253
861375
861747
862119
862239
862241
864206
864450
864574
864698
864822
864944
864946
865188
865310
865490
865541
867031
867201
867261
867320
867378
867380
867441
