indexes
1
2
210
212
214
216
220
222
224
226
228
230
232
234
242
244
329
405
576
655
657
668
670
704
706
739
741
781
783
856
858
905
907
1031
1153
1281
1404
1529
1653
1777
1779
1901
1903
2025
2147
2256
2258
2271
2376
2378
2391
2393
2500
2502
2511
2513
2620
2624
2631
2753
2755
2882
2996
3101
3103
3120
3209
3211
3319
3362
3366
3368
4175
4213
4217
4223
4450
4454
4491
5187
5191
5193
5307
5309
5431
5435
5559
5685
5794
5805
5929
5931
6053
6164
6179
6181
6299
6301
6423
6526
6528
6771
6896
6898
7020
7022
7146
7148
7270
7272
7394
7396
7518
7644
7646
7768
7770
7825
7883
7885
7892
7939
7941
8016
8018
8146
8148
8272
8346
8408
8437
8443
8445
8451
8455
8457
8460
8462
8465
8466
8469
8521
8528
8765
8825
8882
8884
8885
8886
8890
8892
8894
8900
8904
8910
8912
9079
9204
9206
9248
9250
9340
9342
9378
9457
9472
9474
9530
9532
9953
10076
10201
10325
10571
10693
10695
10934
10936
10937
10939
11058
11180
11181
11182
11299
11301
11302
11304
11306
11424
11426
11428
11430
11548
11552
11554
11661
11663
11672
11676
11678
11771
11796
11798
11800
11802
11920
11924
11926
11987
12168
12170
12266
12835
12888
12892
13132
13184
13186
13756
13855
14030
14099
14101
14105
14138
14223
14225
14229
14246
14347
14349
14356
14358
14473
14477
14596
14597
14599
14601
14603
14716
14718
14721
14723
14725
14845
14847
14969
15078
15080
15091
15093
15324
15326
15446
15820
15944
16067
16318
16440
16497
16499
16553
16555
16649
16651
16684
16686
16777
16779
16818
16946
17117
17126
17133
17135
17137
17139
17140
17141
17143
17207
17260
17439
17499
17556
17559
17560
17564
17566
17568
17571
17573
17575
17577
17581
17583
17589
17620
17632
17679
17754
17879
17881
18011
18088
18090
18135
18146
18148
18206
18257
18381
18383
18504
18506
18631
18633
18754
18756
18879
18881
19003
19005
19127
19129
19251
19373
19495
19497
19610
19732
19734
19854
20099
20102
20104
20227
20228
20229
20598
20724
20842
20846
21516
21527
21553
21806
21808
21816
21820
21856
22533
22651
22655
22657
22710
22773
22816
22818
22897
22926
23144
23272
23274
23394
23512
23514
23519
23632
23634
23643
23645
23754
23763
23765
24120
24122
24244
24246
24370
24616
24741
24868
24870
24992
25116
25118
25169
25171
25240
25242
25285
25287
25321
25323
25359
25366
25368
25451
25494
25618
25694
25783
25785
25795
25797
25799
25801
25803
25805
25807
25811
25813
25815
25817
26022
26028
26232
26234
26236
26242
26245
26247
26249
26251
26253
26263
26265
26306
26431
26554
26598
26683
26690
26726
26728
26762
26764
26809
26878
26880
26933
27057
27059
27179
27181
27307
27557
27681
27805
27927
27929
28175
28284
28286
28297
28404
28406
28417
28419
28530
28539
28541
28659
28779
28781
28902
28909
29129
29152
29237
29239
29276
29345
29394
29398
30199
30238
30240
30246
30486
30496
30522
30524
31205
31207
31211
31327
31449
31453
31577
31697
31701
31823
31824
31947
32071
32197
32317
32319
32441
32556
32558
32680
32923
32925
33048
33050
33172
33174
33295
33297
33419
33421
33544
33667
33792
33845
33903
33905
33916
33961
34035
34040
34042
34127
34170
34368
34428
34465
34467
34479
34481
34483
34485
34489
34490
34491
34493
34495
34550
34844
34902
34904
34906
34910
34911
34912
34914
34924
34930
34932
34936
34969
35103
35233
35265
35267
35357
35358
35360
35396
35483
35490
35492
35548
35607
35857
35981
36105
36107
36231
36355
36603
36725
36727
36849
36952
36954
36969
36971
37076
37093
37198
37200
37320
37322
37324
37331
37333
37444
37446
37448
37568
37572
37574
37692
37693
37695
37696
37698
37803
37816
37818
37822
37940
37944
37946
38019
38190
38288
38866
38924
39158
39209
39211
39791
39887
40013
40058
40129
40131
40135
40253
40255
40259
40274
40377
40379
40384
40503
40507
40627
40631
40744
40746
40749
40751
40755
40864
40873
40875
40984
40997
41106
41108
41117
41119
41350
41352
41470
41721
41846
41969
41971
42096
42470
42519
42521
42577
42579
42594
42673
42675
42708
42710
42720
42801
42803
42846
42972
42974
43135
43141
43145
43151
43157
43159
43161
43163
43164
43165
43167
43226
43286
43372
43463
43522
43582
43583
43584
43586
43590
43592
43594
43597
43601
43603
43609
43615
43642
43644
43658
43705
43777
43901
43903
44035
44040
44114
44116
44157
44159
44170
44172
44230
44281
44283
44405
44407
44530
44532
44655
44657
44778
44780
44903
44905
45029
45031
45153
45155
45277
45399
45523
45525
45628
45750
45752
45767
45870
45872
45887
45996
46120
46244
46257
46259
46740
46742
46858
46862
47558
47560
47586
47596
47826
47834
47836
47872
47874
48683
48685
48689
48838
48931
48948
49055
49166
49294
49296
49418
49429
49536
49538
49553
49656
49658
49675
49677
49797
49902
50146
50148
50270
50272
50396
50644
50768
50770
50894
51018
51020
51141
51143
51196
51198
51257
51266
51268
51313
51315
51349
51351
51387
51392
51394
51478
51644
51720
51780
51809
51811
51820
51821
51827
51829
51830
51832
51833
51837
51840
51843
52048
52052
52054
52258
52260
52262
52264
52268
52270
52272
52274
52276
52278
52280
52290
52292
52453
52455
52624
52705
52707
52716
52752
52754
52788
52790
52831
52904
52906
52955
53079
53200
53701
53825
53947
53949
54195
54310
54312
54317
54319
54430
54432
54437
54439
54554
54556
54557
54559
54561
54674
54678
54679
54799
54801
54802
54929
55039
55050
55149
55174
55176
55257
55259
55298
55365
55414
55416
55420
56223
56273
56504
56514
56540
57233
57239
57355
57481
57607
57727
57732
57842
57851
57853
57855
57975
57977
57979
58101
58227
58345
58347
58454
58469
58471
58576
58577
58700
58945
59070
59072
59194
59196
59318
59320
59444
59446
59568
59570
59692
59816
59818
59931
59933
59942
59991
60066
60157
60196
60458
60489
60495
60497
60503
60507
60509
60511
60513
60515
60518
60519
60521
60523
60638
60819
60879
60930
60932
60934
60938
60939
60940
60942
60946
60958
60960
60997
61133
61260
61295
61297
61387
61388
61390
61426
61511
61520
61522
61578
61761
61885
62009
62132
62257
62381
62627
62749
62751
62873
62982
62984
62993
62995
63106
63115
63228
63230
63350
63352
63354
63355
63472
63474
63476
63478
63598
63602
63604
63713
63715
63722
63726
63728
63823
63848
63852
63970
63976
64039
64220
64222
64884
64886
64938
65237
65239
65807
65907
66082
66149
66151
66273
66275
66399
66401
66405
66406
66408
66523
66525
66529
66647
66649
66653
66766
66771
66773
66777
66886
66897
66899
67006
67021
67126
67128
67141
67143
67372
67374
67492
67868
67992
68365
68489
68547
68549
68605
68663
68699
68701
68735
68737
68740
68829
68831
68866
68868
68994
69161
69167
69173
69177
69179
69181
69187
69188
69189
69193
69195
69248
69310
69491
69606
69610
69611
69614
69616
69618
69620
69622
69626
69632
69634
69640
69671
69733
69807
69930
69932
69972
70063
70137
70139
70185
70187
70194
70196
70254
70256
70309
70311
70433
70558
70560
70683
70685
70807
70809
70931
70933
71057
71059
71181
71183
71305
71551
71553
71658
71780
71782
71795
71902
71915
72028
72152
72285
72287
72613
72646
72772
72774
72888
72890
72894
73572
73583
73609
73858
73866
73905
73930
74585
74701
74703
74707
74870
74872
74949
74980
75198
75200
75325
75327
75447
75566
75568
75571
75686
75688
75693
75695
75808
75815
75817
75930
76171
76173
76298
76300
76422
76424
76546
76670
76794
76796
76918
76920
77042
77044
77165
77167
77220
77223
77281
77290
77292
77337
77339
77373
77375
77410
77416
77502
77541
77668
77744
77835
77837
77843
77847
77849
77851
77853
77855
77857
77859
77860
77861
77863
77867
77869
78070
78078
78080
78280
78282
78284
78286
78288
78290
78292
78294
78296
78298
78300
78302
78312
78314
78481
78646
78735
78737
78738
78774
78776
78810
78812
78861
78926
78928
78985
79109
79111
79233
79609
79733
79857
79979
79981
80105
80227
80332
80334
80349
80351
80452
80454
80469
80471
80578
80591
80593
80702
80711
80826
80831
80833
81076
81181
81183
81200
81289
81291
81324
81397
81399
81442
81446
82255
82295
82297
82303
82534
82569
82571
83263
83269
83385
83511
83755
83759
83762
83872
83879
83883
84003
84127
84253
84371
84373
84495
84606
84608
84730
84975
84977
85100
85102
85224
85226
85346
85348
85474
85476
85598
85599
85722
85724
85845
85955
85957
85970
86011
86013
86051
86087
86094
86179
86222
86224
86348
86421
86484
86510
86516
86518
86525
86528
86532
86536
86538
86540
86542
86543
86544
86546
86664
86841
86901
86954
86956
86958
86961
86962
86964
86966
86970
86982
86984
87025
87155
87281
87318
87320
87408
87409
87411
87448
87535
87542
87544
87600
87659
87783
87906
88033
88156
88159
88281
88283
88405
88653
88775
88777
88899
88998
89000
89021
89023
89122
89143
89244
89246
89366
89368
89370
89383
89490
89492
89494
89612
89614
89616
89618
89738
89742
89744
89745
89862
89866
89868
89986
89992
90071
90236
90238
90334
90917
90919
90976
91204
91254
91256
91840
91937
91939
92104
92181
92183
92305
92307
92320
92428
92430
92431
92433
92437
92557
92561
92670
92681
92790
92792
92803
92805
92807
92809
92910
92929
92931
93030
93053
93152
93154
93173
93175
93396
93398
93520
93522
94014
94142
94392
94573
94575
94631
94689
94725
94727
94761
94763
94766
94852
94854
94892
95020
95154
95184
95186
95190
95192
95196
95198
95200
95204
95210
95212
95213
95214
95216
95218
95274
95334
95420
95513
95573
95633
95634
95636
95638
95640
95642
95644
95648
95650
95652
95658
95664
95751
95825
95950
95952
96079
96126
96162
96164
96203
96220
96222
96280
96327
96451
96576
96578
96701
96703
96825
96827
96949
96951
97075
97077
97198
97200
97323
97569
97571
97680
97802
97804
97813
97924
97933
98175
98303
98305
98790
98792
98908
99596
99607
99633
99643
99874
99882
99921
99946
100729
100731
100735
100886
100977
100996
101214
101216
101344
101466
101584
101586
101599
101706
101721
101723
101826
101843
101950
102193
102195
102318
102320
102444
102568
102692
102816
102818
102941
102943
103066
103068
103190
103246
103249
103307
103314
103316
103363
103365
103401
103439
103440
103442
103531
103568
103692
103694
103769
103828
103861
103863
103873
103875
103877
103879
103881
103883
103888
103890
103892
103894
103947
104096
104105
104305
104308
104310
104312
104316
104318
104320
104322
104324
104326
104328
104338
104340
104433
104509
104633
104672
104761
104764
104800
104802
104838
104885
104896
104952
104954
105009
105133
105256
105381
105877
105999
106001
106123
106358
106360
106367
106369
106478
106480
106487
106489
106604
106606
106607
106609
106727
106728
106729
106849
106976
107087
107102
107197
107226
107228
107307
107350
107413
107415
107468
108270
108311
108319
108556
108566
108591
108593
109281
109287
109403
109525
109529
109531
109775
109779
109890
109899
109901
109903
110023
110025
110027
110149
110273
110275
110395
110517
110519
110622
110624
110746
110748
110993
111116
111118
111240
111242
111366
111368
111490
111492
111614
111616
111738
111740
111863
111922
111979
111981
111988
111990
112043
112112
112114
112205
112242
112502
112535
112542
112543
112552
112556
112557
112559
112561
112567
112569
112571
112621
112867
112924
112978
112980
112982
112984
112986
112988
112989
112990
112996
113000
113006
113008
113012
113047
113181
113308
113341
113343
113435
113436
113438
113472
113474
113561
113568
113570
113626
113685
113809
113933
114059
114183
114185
114307
114309
114431
114679
114801
114803
114925
115030
115032
115047
115049
115154
115169
115276
115398
115400
115402
115409
115520
115524
115526
115646
115648
115650
115767
115768
115769
115770
115772
115774
115894
115900
116018
116022
116024
116093
116266
116268
116364
116935
116937
117226
117288
117857
117955
118081
118134
118199
118201
118205
118323
118325
118329
118350
118449
118458
118460
118573
118697
118698
118699
118703
118818
118820
118821
118823
118825
118938
118945
118947
119058
119069
119178
119180
119191
119193
119422
119424
119543
119916
120040
120164
120414
120537
120595
120597
120655
120713
120749
120751
120785
120787
120788
120877
120879
120914
121042
121211
121217
121221
121227
121231
121236
121237
121239
121243
121245
121296
121356
121442
121539
121601
121654
121656
121658
121662
121664
121668
121670
121674
121682
121688
121719
121781
121855
121857
121978
121980
122111
122185
122187
122233
122235
122242
122244
122302
122357
122481
122483
122605
122607
122731
122733
122855
122857
122980
123105
123107
123229
123231
123353
123599
123601
123706
123828
123830
123843
123950
123963
124076
124200
124205
124324
124333
124335
124816
124820
124822
124938
125627
125635
125637
125663
125673
125681
125914
125916
125944
125954
126755
126757
126761
126877
126918
127001
127028
127246
127248
127375
127498
127616
127618
127621
127738
127743
127745
127865
127982
128226
128350
128352
128476
128600
128723
128848
128972
128974
129095
129097
129220
129222
129269
129271
129329
129344
129346
129385
129387
129421
129423
129459
129470
129596
129720
129793
129856
129883
129885
129895
129897
129899
129901
129903
129905
129912
129914
129916
129969
130122
130128
130332
130334
130336
130338
130342
130344
130346
130348
130350
130352
130354
130364
130366
130529
130655
130696
130698
130783
130785
130788
130824
130826
130859
130861
130907
130909
130976
130978
131033
131157
131282
131407
131781
131905
132027
132029
132151
132378
132380
132397
132399
132498
132500
132517
132519
132624
132626
132637
132639
132748
132759
132872
132879
132881
132996
133119
133122
133229
133231
133246
133337
133339
133370
133445
133488
133492
134303
134343
134351
134353
134580
134590
134618
135313
135319
135435
135557
135561
135687
135807
135808
135811
135931
135933
135935
136055
136057
136059
136179
136181
136303
136305
136425
136530
136547
136549
136652
136654
136776
137021
137146
137148
137270
137272
137394
137396
137518
137520
137522
137644
137767
137769
137893
137947
138003
138005
138018
138061
138099
138135
138142
138144
138227
138272
138471
138532
138564
138566
138574
138578
138580
138582
138584
138586
138588
138590
138592
138593
138654
138718
138888
138949
139006
139007
139008
139010
139014
139016
139018
139020
139022
139026
139034
139036
139067
139201
139328
139371
139373
139464
139466
139502
139579
139581
139596
139598
139654
139702
139829
139952
140077
140079
140201
140203
140327
140451
140575
140821
140823
140945
141054
141056
141067
141178
141298
141300
141420
141422
141424
141429
141544
141546
141548
141668
141670
141672
141789
141790
141791
141792
141794
141796
141899
141916
141920
142038
142040
142044
142282
142286
142288
142963
142981
143017
143298
143308
143884
143983
144109
144154
144227
144229
144262
144351
144353
144357
144370
144477
144480
144482
144601
144720
144727
144731
144840
144842
144849
144851
144853
144855
144962
144973
144975
145082
145097
145099
145202
145204
145219
145221
145448
145450
145570
145572
145944
146068
146318
146623
146625
146681
146692
146739
146775
146777
146810
146813
146816
146903
146905
146942
146944
147070
147235
147237
147247
147249
147251
147253
147255
147261
147263
147267
147269
147324
147386
147681
147684
147685
147687
147689
147691
147693
147697
147701
147709
147715
147757
147803
147805
147879
148002
148004
148133
148178
148214
148216
148255
148270
148272
148330
148332
148379
148381
148503
148625
148627
148751
148753
148875
148877
148999
149001
149123
149125
149247
149249
149371
149615
149617
149734
149856
149858
149859
149978
149979
149980
150228
150349
150351
150848
150850
150964
150966
150970
151653
151679
151695
151930
151938
151975
151977
152002
152775
152777
152781
152938
153048
153266
153268
153395
153396
153636
153638
153645
153756
153758
153767
153769
154000
154002
154244
154246
154369
154370
154494
154496
154620
154743
154867
154869
154994
154996
155117
155119
155241
155243
155293
155295
155353
155368
155409
155411
155447
155494
155577
155620
155746
155879
155909
155915
155921
155925
155929
155932
155934
155936
155938
155939
155940
155993
156148
156153
156155
156241
156358
156360
156362
156364
156366
156372
156374
156376
156378
156380
156390
156392
156555
156683
156724
156726
156809
156816
156818
156852
156854
156888
156890
156935
157006
157008
157059
157183
157307
157433
157931
158053
158055
158177
158412
158414
158421
158532
158534
158541
158543
158656
158658
158661
158663
158776
158780
158781
158901
158903
159154
159156
159249
159251
159278
159280
159357
159359
159404
159465
159522
159526
159744
160309
160319
160359
160361
160367
160614
160650
160668
161329
161331
161335
161573
161577
161699
161703
161823
161827
161838
161947
161948
161949
161951
162071
162073
162075
162197
162323
162443
162558
162565
162567
162678
162680
162802
162804
163048
163169
163171
163294
163296
163418
163420
163542
163544
163668
163792
163794
163916
163918
163971
164027
164029
164040
164042
164085
164161
164166
164168
164253
164296
164493
164589
164591
164605
164607
164609
164611
164613
164615
164617
164619
164621
164678
164742
164911
164973
165028
165030
165032
165033
165034
165036
165038
165042
165044
165048
165056
165058
165097
165153
165226
165352
165354
165393
165395
165480
165485
165487
165524
165562
165607
165618
165620
165676
165730
165855
165977
166105
166107
166228
166230
166353
166355
166477
166479
166603
166847
166849
166971
167080
167082
167095
167204
167328
167448
167450
167452
167455
167572
167574
167576
167696
167698
167700
167817
167820
167824
167826
167944
167946
167950
168070
168074
168143
168318
168320
168416
168989
169042
169046
169286
169340
169908
170005
170186
170188
170247
170249
170253
170294
170371
170373
170377
170402
170495
170497
170512
170621
170745
170749
170752
170869
170872
170873
170874
170991
170992
170993
171112
171114
171117
171234
171236
171237
171239
171480
171602
171604
171725
172346
172470
172592
172643
172645
172701
172718
172759
172761
172795
172797
172831
172833
172842
172923
172925
172968
173096
173257
173259
173265
173269
173271
173273
173275
173277
173283
173285
173287
173289
173291
173494
173501
173586
173650
173706
173708
173710
173714
173716
173721
173725
173737
173739
173780
173827
173903
174028
174159
174198
174234
174236
174281
174292
174350
174352
174405
174407
174529
174653
174655
174779
174781
174905
175027
175029
175153
175155
175277
175279
175401
175647
175649
175754
175876
175878
175891
175998
176011
176013
176253
176372
176381
176383
176868
176870
176986
176990
177675
177685
177711
177954
177962
177964
178002
178691
178807
178809
178813
178966
179294
179296
179423
179664
179673
179675
179786
179795
179797
179917
180028
180030
180272
180274
180396
180398
180522
180524
180646
180648
180772
180895
180897
181022
181144
181146
181270
181272
181315
181317
181377
181394
181396
181433
181435
181469
181471
181507
181518
181520
181646
181648
181772
181848
181908
181931
181933
181943
181949
181951
181953
181956
181960
181964
182017
182173
182176
182263
182384
182386
182388
182390
182394
182396
182398
182400
182402
182404
182406
182416
182418
182577
182703
182750
182752
182831
182833
182842
182844
182878
182880
182916
182957
182974
183030
183032
183081
183330
183455
183705
183953
184075
184077
184199
184430
184432
184445
184550
184552
184567
184674
184676
184687
184794
184798
184807
184809
184918
184922
184927
184929
185046
185167
185170
185277
185279
185294
185296
185387
185418
185420
185493
185495
185538
185542
185760
186341
186351
186391
186393
186399
186665
186682
187361
187363
187367
187605
187609
187611
187735
187855
187856
187859
187968
187979
187981
187983
188103
188105
188107
188218
188229
188353
188355
188475
188597
188599
188702
188824
188826
189072
189194
189196
189318
189320
189443
189445
189567
189569
189694
189817
189942
190001
190057
190059
190066
190153
190189
190191
190192
190281
190318
190580
190614
190615
190625
190627
190631
190633
190635
190639
190643
190644
190647
190700
190760
190941
191000
191054
191056
191058
191060
191061
191062
191064
191066
191068
191070
191074
191082
191084
191119
191252
191380
191419
191421
191507
191512
191514
191550
191588
191631
191644
191646
191702
191755
191879
192002
192127
192129
192251
192253
192375
192377
192499
192867
192869
192991
193106
193108
193113
193115
193230
193232
193354
193474
193475
193476
193478
193598
193600
193602
193720
193724
193726
193837
193844
193848
193850
193968
193970
193974
194092
194094
194098
194163
194340
194342
194438
195009
195027
195065
195069
195296
195357
195933
196031
196157
196202
196204
196275
196310
196397
196399
196418
196420
196523
196525
196530
196649
196653
196768
196773
196888
196890
196895
196897
196901
197009
197021
197023
197130
197145
197250
197252
197265
197267
197498
197619
197744
197992
198115
198366
198615
198671
198673
198729
198740
198787
198823
198825
198859
198861
198864
198951
198953
198992
199118
199120
199285
199287
199297
199299
199301
199303
199305
199309
199313
199315
199317
199319
199519
199617
199677
199732
199734
199736
199737
199740
199742
199747
199751
199757
199763
199765
199796
199806
199857
199933
200056
200058
200185
200190
200226
200262
200264
200309
200311
200320
200380
200435
200559
200681
200683
200807
200809
200932
200934
201057
201059
201181
201183
201305
201307
201429
201673
201675
201784
201906
201908
201917
202028
202037
202277
202402
202405
202407
202733
202898
202900
203016
203020
203694
203704
203731
203992
203994
204022
204030
204032
204711
204827
204829
204833
204992
205100
205318
205448
205686
205688
205697
205699
205806
205808
205819
205821
205941
206050
206294
206296
206418
206420
206542
206544
206668
206792
206916
206918
207042
207166
207168
207290
207292
207347
207405
207407
207416
207461
207463
207499
207540
207628
207667
207792
207870
207928
207959
207961
207967
207973
207977
207981
207983
207985
207988
207989
207991
207993
207995
208048
208110
208196
208206
208293
208350
208406
208408
208410
208412
208414
208416
208418
208420
208422
208424
208426
208428
208438
208440
208607
208734
208772
208774
208861
208864
208866
208900
208902
208935
208937
208996
209052
209054
209111
209235
209359
210105
210107
210229
210458
210460
210473
210475
210580
210595
210597
210702
210704
210706
210715
210717
210824
210828
210835
210837
210952
210957
211075
211087
211197
211202
211307
211326
211328
211415
211450
211452
211521
211523
211568
211792
212364
212427
212656
212660
212698
212716
213285
213381
213383
213625
213629
213631
213755
213875
213879
213888
213999
214001
214003
214005
214123
214125
214127
214249
214373
214375
214495
214610
214617
214619
214732
214854
215099
215222
215224
215346
215348
215470
215472
215592
215594
215718
215720
215842
215966
215968
216023
216079
216081
216090
216175
216213
216216
216305
216344
216542
216600
216641
216643
216651
216659
216661
216662
216664
216667
216669
216671
216722
216782
217027
217076
217078
217080
217084
217085
217086
217088
217092
217104
217106
217145
217205
217404
217442
217532
217533
217534
217535
217570
217608
217659
217661
217664
217666
217722
217783
217907
217909
218030
218033
218157
218279
218281
218405
218407
218529
218531
218899
218901
219023
219025
219126
219128
219147
219250
219370
219494
219496
219618
219620
219622
219740
219742
219744
219746
219866
219868
219869
219870
219990
219994
220114
220120
220358
220362
220364
221061
221096
221326
221332
221334
221373
221383
221965
222187
222230
222305
222338
222427
222429
222446
222448
222553
222558
222677
222796
222916
222918
222925
222929
223038
223047
223049
223158
223171
223173
223278
223280
223291
223293
223524
223526
223644
223646
223772
223896
224270
224394
224642
224693
224695
224768
224811
224847
224849
224882
224884
224892
224975
224977
225018
225146
225309
225320
225325
225327
225329
225335
225337
225341
225343
225543
225756
225758
225760
225761
225762
225764
225766
225768
225770
225772
225774
225776
225778
225784
225790
225879
225955
226080
226207
226250
226286
226288
226333
226344
226402
226404
226457
226459
226581
226583
226702
226704
226831
226833
226955
226957
227081
227205
227329
227331
227453
227699
227922
227924
227943
228044
228063
228183
228305
228433
228435
228653
228668
228763
228914
228916
229032
229727
229737
229763
229765
229779
230000
230008
230010
230046
230048
230743
230859
230861
230865
231012
231338
231340
231468
231470
231481
231710
231729
231731
231830
231851
231853
231975
232074
232318
232444
232446
232568
232570
232692
232694
232815
232817
232942
232944
233066
233068
233192
233318
233373
233375
233433
233442
233489
233491
233527
233566
233691
233693
233818
233820
233896
233954
233985
233987
233993
233999
234003
234005
234007
234009
234011
234015
234017
234019
234074
234230
234430
234432
234434
234436
234438
234444
234448
234452
234456
234458
234462
234464
234629
234756
234795
234797
234881
234883
234888
234890
234924
234926
234961
235007
235078
235080
235131
235255
235378
236123
236125
236247
236482
236484
236491
236493
236604
236613
236615
236726
236728
236735
236846
236848
236850
236852
236853
236855
236970
236974
236975
237098
237215
237222
237224
237325
237346
237348
237433
237470
237472
237541
237543
237588
237714
237810
238387
238440
238672
238676
238729
239310
239407
239409
239653
239657
239777
239781
239783
239901
239903
239904
239905
239907
240027
240029
240031
240151
240153
240155
240275
240277
240399
240523
240626
240645
240647
240748
240750
240872
240874
241118
241241
241243
241366
241368
241490
241491
241615
241742
241864
241866
241990
242107
242109
242114
242165
242203
242238
242239
242240
242241
242331
242333
242366
242494
242568
242627
242669
242671
242679
242683
242687
242688
242689
242691
242695
242697
242699
242748
242808
242989
243053
243100
243102
243104
243106
243109
243110
243112
243114
243118
243122
243130
243132
243231
243431
243468
243559
243560
243561
243598
243636
243685
243692
243694
243750
243809
243933
244057
244059
244181
244183
244305
244307
244429
244431
244553
244677
244921
244923
245045
245154
245156
245167
245278
245398
245522
245524
245527
245646
245648
245650
245768
245770
245772
245774
245887
245894
245898
246018
246142
246144
246148
246386
246390
246392
247057
247077
247111
247358
247409
247982
248201
248205
248252
248254
248323
248360
248447
248449
248468
248571
248573
248578
248816
248821
248936
248938
248945
248947
248951
249056
249069
249071
249176
249178
249193
249195
249296
249298
249313
249315
249542
249544
249664
249665
249790
250288
250538
250662
250719
250721
250837
250873
250875
250909
250911
250912
251001
251003
251038
251166
251334
251337
251341
251343
251347
251349
251351
251353
251355
251359
251361
251365
251367
251369
251566
251568
251630
251777
251779
251781
251784
251787
251788
251790
251792
251796
251800
251806
251812
251814
251905
251981
252106
252144
252235
252274
252310
252312
252359
252361
252366
252368
252426
252428
252483
252485
252607
252609
252732
252735
252857
252859
252983
253107
253231
253233
253355
253357
253479
253481
253725
253727
253832
253952
253954
253969
253971
254076
254089
254091
254331
254459
254461
254787
254940
254944
254946
255062
255747
255757
255785
255787
256042
256068
256078
256755
256759
256761
256875
256877
257370
257372
257373
257500
257740
257747
257860
257867
257869
257991
258102
258104
258343
258345
258470
258472
258594
258596
258718
258842
258844
258966
258968
259090
259092
259214
259216
259339
259395
259455
259457
259462
259464
259511
259513
259549
259588
259714
259716
259840
259917
259975
260008
260010
260016
260022
260026
260028
260030
260032
260034
260035
260038
260042
260156
260254
260339
260452
260454
260458
260460
260466
260468
260470
260474
260478
260480
260486
260655
260782
260817
260819
260910
260911
260912
260946
260948
260984
261035
261042
261100
261102
261159
261408
261659
261783
262031
262155
262277
262279
262504
262506
262523
262525
262626
262628
262645
262750
262752
262765
262872
262874
262876
262885
262887
262994
262998
263000
263007
263124
263245
263247
263248
263357
263368
263372
263374
263465
263496
263498
263573
263616
263837
264419
264708
264744
264762
265340
265437
265439
265681
265685
265687
265805
265809
265929
265931
265933
265934
266046
266053
266055
266057
266177
266179
266181
266296
266301
266303
266425
266547
266658
266669
266671
266780
266902
266904
267149
267274
267396
267398
267522
267524
267646
267648
267772
267896
268020
268073
268129
268131
268144
268225
268260
268263
268268
268355
268394
268522
268656
268691
268693
268705
268709
268711
268713
268714
268715
268717
268719
268721
268774
268834
269073
269128
269130
269132
269133
269136
269138
269140
269144
269148
269156
269158
269195
269255
269329
269454
269494
269585
269586
269622
269709
269716
269718
269774
269832
269959
270080
270082
270207
270209
270330
270332
270455
270457
270579
270581
270705
270951
271073
271075
271172
271174
271197
271296
271298
271420
271542
271544
271664
271666
271668
271788
271790
271792
271809
271914
271916
271918
272036
272038
272042
272162
272288
272410
272412
272508
273109
273147
273431
274113
274239
274278
274357
274386
274479
274481
274494
274604
274607
274714
274731
274844
274855
274964
274966
274979
274983
275084
275086
275103
275105
275204
275206
275227
275326
275328
275347
275349
275572
275692
275694
275820
276442
276566
276690
276747
276749
276805
276816
276863
276899
276901
276935
276937
276940
277027
277029
277192
277194
277267
277359
277361
277365
277371
277373
277375
277377
277379
277385
277387
277389
277391
277393
277596
277806
277808
277809
277810
277812
277816
277818
277820
277822
277824
277828
277834
277840
277842
277869
277927
278003
278005
278129
278172
278254
278302
278337
278339
278379
278394
278396
278454
278456
278503
278627
278629
278750
278752
278877
278879
279001
279003
279127
279249
279251
279374
279376
279499
279501
279745
279858
279978
279980
279989
280100
280102
280109
280111
280229
280351
280479
280481
280699
280809
280962
280966
280968
281084
281772
281783
281809
281813
281821
282052
282062
282088
282098
282789
282905
282907
283062
283390
283392
283520
283527
283651
283762
283777
283882
283897
283899
284021
284124
284126
284370
284494
284496
284618
284620
284744
284746
284868
284870
284994
285118
285244
285366
285425
285483
285485
285492
285539
285541
285614
285744
285870
285941
286006
286037
286039
286045
286051
286055
286059
286060
286065
286068
286070
286072
286123
286124
286186
286283
286369
286426
286482
286484
286486
286488
286489
286490
286492
286496
286498
286500
286502
286504
286508
286510
286514
286516
286683
286809
286848
286850
286936
286939
286941
286976
286978
287014
287072
287128
287130
287185
287309
287682
288053
288175
288177
288299
288301
288534
288536
288543
288545
288656
288663
288665
288778
288780
288783
288785
288900
288903
288904
288905
288906
289025
289028
289148
289152
289263
289272
289278
289373
289375
289402
289404
289483
289522
289526
289528
289589
289591
289770
289866
290436
290488
290728
290785
291457
291459
291630
291701
291703
291707
291827
291831
291951
291953
291954
291955
291956
291957
292075
292077
292081
292199
292201
292203
292316
292325
292327
292449
292451
292678
292693
292695
292800
292922
292923
293170
293294
293416
293418
293541
293543
293666
293668
293792
293916
294042
294099
294155
294157
294164
294166
294251
294289
294290
294381
294383
294416
294620
294713
294715
294717
294725
294735
294737
294738
294739
294743
294745
294747
294798
294858
295099
295151
295153
295155
295158
295159
295161
295163
295165
295168
295172
295180
295182
295221
295281
295479
295520
295609
295611
295612
295648
295686
295735
295737
295742
295744
295859
295861
295984
296108
296235
296357
296359
296481
296483
296605
296607
296731
296977
297099
297101
297204
297206
297223
297328
297330
297450
297452
297574
297576
297696
297700
297820
297822
297824
297833
297943
297946
297948
297950
298070
298074
298194
298198
298320
298438
298442
298444
299110
299129
299165
299406
299412
299414
299454
299464
300032
300129
300251
300255
300310
300373
300416
300418
300497
300499
300524
300526
300623
300634
300744
300747
300871
300873
300994
300997
301001
301112
301114
301119
301121
301232
301234
301243
301245
301354
301363
301365
301476
301598
301717
301718
301843
301967
302215
302340
302464
302588
302590
302713
302769
302771
302838
302887
302923
302925
302958
302961
302962
302964
303051
303053
303088
303218
303385
303387
303397
303399
303401
303403
303405
303411
303413
303415
303417
303419
303618
303629
303830
303834
303836
303838
303840
303842
303844
303846
303848
303850
303852
303862
303864
303897
303955
304031
304033
304157
304283
304285
304324
304326
304359
304361
304409
304418
304476
304478
304533
304657
304659
304779
304781
304907
304909
305033
305157
305280
305405
305407
305529
305531
305775
305882
306002
306004
306019
306126
306128
306139
306141
306259
306381
306508
306510
306729
306750
306839
306992
306996
306998
307114
307802
307838
307854
308078
308092
308094
308120
308130
308809
308813
308929
308931
309094
309420
309422
309425
309548
309551
309797
309917
309919
310156
310158
310280
310399
310524
310526
310650
310652
310774
310776
310898
310900
311022
311024
311146
311148
311272
311395
311445
311505
311520
311561
311563
311599
311644
311770
311772
311896
311970
312061
312067
312073
312075
312077
312081
312084
312086
312088
312089
312090
312092
312094
312145
312150
312214
312305
312391
312451
312504
312509
312510
312511
312521
312525
312531
312537
312568
312705
312831
312868
312870
312960
312962
312996
312998
313092
313148
313150
313209
313583
313957
314203
314205
314327
314329
314550
314552
314571
314573
314672
314674
314695
314796
314798
314815
314916
314918
314920
314922
314933
314935
315040
315044
315170
315294
315295
315296
315405
315414
315418
315420
315513
315538
315542
315544
315621
315623
315662
315788
315886
316467
316469
316521
316754
316790
316808
317391
317487
317489
317733
317737
317857
317859
317861
317863
317980
317981
317982
317983
317987
318107
318109
318111
318113
318231
318233
318235
318342
318355
318357
318479
318481
318601
318704
318723
318725
318826
318948
318950
319196
319320
319442
319444
319568
319570
319694
319818
319941
320067
320123
320179
320181
320190
320192
320237
320275
320311
320313
320316
320403
320442
320646
320706
320739
320740
320743
320747
320753
320755
320759
320764
320765
320770
320823
320829
320884
321060
321124
321178
321180
321181
321182
321184
321186
321188
321190
321192
321200
321206
321208
321241
321303
321377
321500
321546
321631
321638
321674
321712
321755
321757
321768
321770
321828
321881
322005
322128
322130
322253
322255
322376
322378
322501
322503
322627
322629
322751
322997
323121
323226
323228
323243
323350
323470
323472
323596
323716
323718
323720
323840
323842
323844
323855
323964
323965
323968
324088
324212
324216
324338
324454
324458
324460
325139
325157
325422
325428
325469
325492
326062
326281
326285
326287
326328
326403
326434
326436
326527
326529
326542
326544
326653
326891
326893
327014
327027
327031
327132
327134
327149
327151
327254
327256
327273
327275
327374
327376
327393
327395
327498
327620
327744
327746
327868
327992
328116
328490
328614
328616
328740
328799
328801
328864
328915
328917
328951
328953
328986
328988
328989
328990
329079
329081
329116
329244
329408
329409
329418
329423
329425
329427
329429
329431
329433
329435
329437
329439
329441
329443
329445
329643
329652
329741
329801
329855
329857
329859
329861
329864
329866
329868
329870
329872
329874
329876
329878
329880
329888
329890
329921
330057
330180
330222
330307
330314
330350
330352
330386
330388
330431
330433
330444
330502
330504
330555
330557
330679
330681
330801
330803
330927
330929
331053
331175
331177
331299
331301
331423
331425
331547
331549
331793
331908
331910
332030
332032
332035
332037
332152
332154
332155
332157
332275
332397
332527
332745
332855
333016
333020
333022
333138
333819
333829
333857
333859
334114
334140
334150
334831
334835
334951
334953
334957
335438
335440
335449
335573
335697
335810
335823
335930
335943
335945
336067
336172
336174
336417
336542
336543
336666
336668
336792
336794
336915
336917
337040
337042
337164
337166
337291
337415
337471
337529
337531
337538
337540
337585
337587
337662
337792
337794
337918
337991
338053
338055
338085
338091
338093
338099
338103
338105
338109
338111
338114
338115
338117
338119
338234
338415
338477
338530
338532
338536
338538
338544
338546
338548
338550
338552
338558
338564
338731
338856
338858
338894
338896
338985
338988
338990
339024
339026
339062
339109
339120
339176
339178
339481
339732
339857
340229
340351
340582
340584
340595
340597
340704
340717
340826
340828
340837
340948
340952
340954
340955
340957
341072
341076
341077
341196
341200
341202
341315
341320
341324
341326
341425
341446
341450
341452
341533
341574
341576
341639
341641
341818
341916
342483
342485
342535
342786
342838
343406
343503
343505
343684
343749
343753
343755
343873
343877
343879
343997
343999
344003
344008
344121
344123
344127
344247
344249
344251
344368
344371
344373
344375
344495
344497
344617
344619
344728
344730
344741
344743
344850
344972
344974
345342
345466
345590
345713
345715
345840
345964
346088
346147
346203
346205
346214
346299
346335
346337
346427
346429
346464
346594
346728
346765
346767
346783
346785
346786
346787
346791
346793
346795
346906
347085
347149
347202
347204
347206
347207
347208
347210
347212
347214
347218
347222
347228
347230
347269
347529
347658
347659
347734
347785
347792
347794
347908
348033
348155
348157
348281
348283
348404
348406
348529
348531
348653
348655
348779
349025
349147
349149
349254
349256
349378
349380
349498
349500
349624
349746
349748
349750
349870
349872
349874
349883
349994
349998
350118
350244
350248
350370
350486
350488
350492
351181
351183
351209
351219
351452
351462
351466
351502
352301
352305
352307
352360
352423
352466
352468
352547
352576
352671
352686
352924
352926
353045
353046
353049
353166
353167
353168
353169
353286
353288
353291
353293
353408
353411
353413
353773
353775
353898
354022
354146
354393
354518
354520
354642
354765
354767
354817
354819
354877
354890
354892
354933
354935
354971
354973
355007
355009
355014
355016
355099
355101
355142
355266
355342
355431
355433
355443
355445
355447
355449
355451
355453
355455
355461
355463
355465
355467
355668
355677
355878
355880
355882
355883
355884
355888
355891
355893
355895
355897
355899
355909
355911
355952
356003
356079
356203
356242
356331
356334
356370
356372
356406
356408
356455
356457
356464
356522
356524
356579
356581
356705
356707
356828
356830
356955
357205
357327
357329
357453
357575
357577
357821
357823
357928
357945
358048
358050
358065
358067
358172
358174
358187
358189
358307
358427
358429
358557
358777
358794
358885
358887
358993
359036
359040
359042
359849
359851
359887
359889
360128
360138
360164
360166
360861
360865
360867
360983
361466
361468
361479
361838
361851
361958
361971
361973
362093
362095
362200
362202
362445
362569
362571
362694
362696
362820
362822
362943
362945
363068
363070
363192
363194
363318
363320
363444
363493
363551
363553
363566
363568
363608
363610
363647
363690
363820
363822
363946
364020
364082
364109
364115
364121
364125
364127
364129
364132
364136
364138
364140
364141
364193
364202
364262
364353
364439
364499
364556
364558
364559
364562
364564
364570
364574
364576
364578
364582
364584
364590
364619
364753
364880
364882
364921
364923
365007
365014
365016
365050
365052
365088
365133
365146
365202
365204
365506
365631
365757
365881
366005
366253
366375
366377
366602
366604
366619
366621
366724
366743
366846
366848
366863
366966
366968
366970
366972
366981
366983
367090
367094
367103
367218
367342
367343
367344
367453
367462
367466
367468
367586
367590
367592
367669
367836
367934
368514
368516
368568
368798
368802
368856
369439
369537
369781
369783
369785
369787
369905
369911
369920
370028
370029
370030
370031
370035
370155
370157
370159
370161
370279
370281
370283
370390
370392
370403
370405
370407
370510
370527
370529
370651
370752
370773
370775
370996
370998
371244
371368
371492
371616
371618
371740
371742
371866
372114
372175
372231
372233
372240
372327
372329
372362
372364
372455
372457
372490
372620
372692
372754
372787
372793
372799
372803
372809
372811
372813
372815
372817
372819
372821
372874
372934
373113
373173
373228
373230
373232
373234
373236
373238
373240
373242
373244
373248
373256
373258
373295
373353
373552
373596
373681
373683
373688
373762
373764
373807
373818
373820
373878
373929
373931
374053
374055
374178
374301
374303
374425
374427
374549
374551
374673
374675
374797
375043
375167
375169
375282
375289
375404
375406
375526
375652
375772
375774
375776
375896
375898
375900
375901
376020
376024
376144
376148
376268
376272
376394
376510
376514
376516
377203
377241
377245
377474
377480
377482
377522
377532
378327
378331
378333
378378
378449
378484
378486
378575
378594
378596
378699
378704
378814
378942
378944
379066
379073
379077
379184
379186
379195
379197
379304
379306
379319
379321
379426
379439
379441
379672
379792
379794
379918
379920
380044
380290
380416
380542
380666
380790
380792
380845
380847
380905
380914
380916
380961
380963
380965
380999
381001
381034
381036
381040
381042
381127
381129
381166
381292
381368
381461
381463
381473
381475
381477
381479
381481
381483
381485
381489
381491
381493
381495
381696
381705
381908
381912
381916
381918
381921
381923
381925
381927
381929
381933
381939
381941
381972
381982
382033
382107
382109
382232
382272
382359
382361
382364
382402
382438
382440
382485
382487
382496
382554
382556
382609
382611
382733
382735
382854
382856
382985
383109
383233
383357
383479
383481
383603
383605
383849
383960
383971
384080
384082
384091
384204
384211
384213
384328
384331
384451
384453
384578
384580
384799
384828
384907
385068
385074
385869
385871
385911
385921
386154
386170
386196
386206
386881
386887
387003
387375
387379
387492
387494
387499
387625
387862
387875
387982
387993
387995
388119
388224
388226
388348
388467
388593
388595
388718
388720
388842
388844
388966
388968
389091
389093
389216
389218
389340
389342
389464
389521
389581
389583
389592
389636
389638
389675
389714
389716
389844
389968
390041
390136
390143
390149
390151
390153
390155
390156
390158
390162
390163
390164
390166
390170
390220
390467
390527
390580
390582
390586
390587
390588
390594
390598
390602
390608
390614
390781
390907
390943
390945
391035
391038
391040
391074
391076
391111
391170
391226
391228
391409
391782
391906
392279
392401
392403
392632
392634
392647
392649
392754
392769
392876
392878
392998
393000
393002
393004
393009
393011
393122
393126
393131
393246
393250
393252
393369
393370
393371
393374
393376
393481
393496
393500
393502
393624
393626
393697
393868
393870
393968
394539
394541
394592
394836
394886
394888
395458
395555
395557
395736
395799
395801
395805
395923
395929
396047
396049
396053
396062
396064
396171
396173
396177
396297
396299
396301
396303
396421
396423
396424
396425
396545
396547
396669
396784
396791
396793
396906
397028
397030
397149
397398
397522
397644
397646
397770
397894
398018
398141
398197
398253
398255
398266
398349
398385
398387
398477
398479
398516
398644
398717
398778
398815
398817
398827
398833
398835
398836
398840
398842
398843
398845
398896
398958
399139
399199
399252
399256
399259
399260
399262
399264
399266
399268
399272
399278
399280
399286
399321
399381
399455
399579
399581
399709
399711
399782
399784
399835
399838
399840
399846
399900
399959
400081
400083
400206
400331
400333
400454
400456
400579
400581
400705
400707
400829
400953
401075
401199
401201
401302
401321
401426
401546
401672
401796
401918
401922
401933
402042
402046
402292
402296
402418
402534
402540
403235
403263
403277
403500
403502
403510
403550
404357
404359
404363
404408
404516
404603
404624
404844
404972
404974
405094
405099
405212
405214
405223
405334
405336
405345
405454
405456
405467
405578
405700
405822
405824
405947
406072
406196
406446
406570
406572
406694
406696
406820
406822
406869
406871
406944
406985
406987
407021
407023
407058
407068
407070
407151
407320
407322
407483
407485
407495
407497
407499
407501
407503
407505
407507
407511
407513
407515
407517
407720
407722
407727
407931
407933
407935
407937
407942
407944
407946
407948
407950
407952
407954
407964
407966
408055
408131
408256
408296
408383
408388
408390
408424
408426
408460
408462
408509
408576
408578
408631
408633
408757
408759
408878
408880
409007
409131
409257
409381
409503
409505
409627
409629
409875
409976
409978
409997
410096
410098
410117
410119
410220
410239
410241
410340
410344
410359
410479
410481
410609
410718
410829
410842
410937
410939
411045
411084
411088
411090
411901
411903
411943
411945
412176
412214
412913
412919
413035
413407
413411
413514
413516
413531
413535
413657
413886
413907
414006
414025
414027
414151
414248
414250
414374
414494
414618
414620
414741
414743
414868
414870
414991
414992
415116
415118
415240
415366
415368
415490
415491
415607
415609
415614
415665
415737
415738
415831
415868
415870
415994
416067
416130
416161
416167
416169
416179
416183
416185
416187
416190
416191
416193
416195
416197
416250
416314
416404
416491
416548
416604
416606
416608
416610
416611
416612
416614
416616
416622
416626
416632
416634
416638
416803
416805
416930
416932
416969
416971
417057
417062
417064
417098
417100
417194
417196
417252
417254
417679
417801
417927
417929
418051
418299
418421
418423
418545
418656
418658
418667
418669
418778
418789
418900
418902
419022
419024
419026
419029
419144
419148
419150
419151
419268
419272
419274
419389
419391
419392
419396
419398
419516
419520
419522
419640
419644
419646
419717
419888
419984
420563
420616
420852
420903
420905
421485
421585
421752
421827
421829
421833
421951
421953
421957
422077
422078
422079
422080
422083
422201
422203
422207
422318
422325
422327
422331
422438
422440
422449
422451
422453
422575
422577
422680
422697
422800
422802
422819
422821
423046
423048
423168
423542
423664
423665
423790
424040
424164
424225
424227
424283
424341
424377
424379
424413
424414
424415
424507
424509
424540
424668
424670
424801
424839
424845
424851
424853
424859
424862
424863
424865
424867
424871
424873
425278
425280
425282
425284
425286
425288
425290
425292
425296
425306
425308
425345
425606
425646
425737
425738
425811
425859
425863
425868
425870
425928
425987
426111
426232
426234
426357
426359
426481
426483
426605
426607
426729
426731
426853
427099
427221
427223
427332
427454
427456
427576
427578
427702
427826
427950
427953
428072
428076
428320
428446
428564
428570
429253
429255
429538
429540
429576
429578
430377
430383
430430
430536
430538
430623
430625
430646
430749
430864
430991
430993
431114
431123
431232
431234
431245
431247
431354
431356
431369
431371
431476
431491
431598
431844
431846
431968
432091
432216
432466
432590
432592
432714
432716
432838
432840
432895
432897
432955
432964
433011
433013
433049
433051
433086
433088
433090
433179
433216
433342
433416
433509
433511
433518
433520
433524
433526
433528
433530
433533
433539
433541
433543
433545
433744
433754
433955
433957
433959
433965
433967
433969
433971
433973
433975
433977
433987
433989
434082
434158
434321
434408
434410
434413
434449
434451
434485
434487
434534
434536
434601
434603
434658
434660
434784
434905
435032
435034
435158
435406
435530
435532
435654
435656
435778
435900
436007
436009
436024
436127
436129
436144
436146
436253
436264
436266
436384
436386
436501
436504
436506
436634
436852
436854
436875
436962
436999
437068
437115
437117
437121
437922
437962
437970
438209
438219
438245
438255
438930
438934
438936
439052
439178
439424
439545
439547
439548
439552
439672
439675
439798
439922
440035
440042
440044
440166
440277
440279
440401
440521
440644
440645
440769
440771
440893
440895
441017
441019
441141
441143
441265
441267
441389
441391
441512
441514
441569
441628
441630
441637
441639
441686
441688
441760
441891
441893
442017
442090
442149
442186
442192
442194
442198
442200
442204
442206
442208
442210
442212
442213
442216
442220
442273
442337
442430
442515
442576
442625
442627
442629
442631
442633
442635
442637
442638
442643
442647
442653
442655
442659
442696
442830
442956
442958
442991
442993
443083
443084
443085
443119
443121
443210
443215
443217
443273
443460
443584
443708
443834
443958
444082
444330
444452
444454
444576
444677
444679
444696
444698
444801
444820
444923
444925
444940
445045
445047
445049
445060
445167
445171
445173
445293
445297
445417
445420
445421
445422
445423
445530
445541
445547
445665
445669
445671
445746
445915
446013
446592
446594
446877
446934
446936
447513
447610
447612
447783
447854
447856
447860
447978
447980
447982
447984
447999
448102
448104
448107
448108
448109
448226
448228
448232
448350
448352
448356
448469
448471
448474
448476
448478
448589
448598
448600
448711
448831
448833
448842
448844
449075
449077
449198
449571
449694
449696
449821
450068
450193
450246
450304
450317
450362
450398
450400
450434
450436
450441
450528
450530
450567
450695
450829
450860
450866
450872
450876
450880
450886
450888
450892
450894
450947
451009
451188
451252
451303
451305
451307
451311
451313
451317
451319
451323
451331
451337
451368
451428
451430
451506
451629
451631
451760
451797
451832
451834
451882
451884
451889
451891
451949
452010
452132
452134
452255
452258
452380
452382
452506
452508
452630
452632
452754
452756
452878
452880
453126
453248
453250
453349
453471
453473
453591
453593
453719
453843
453854
453967
453984
454337
454463
454579
454581
454585
455276
455284
455311
455321
455340
455549
455557
455559
455597
456410
456414
456416
456453
456532
456559
456561
456656
456669
456671
456889
457016
457018
457141
457259
457261
457278
457379
457381
457400
457402
457501
457522
457625
457747
457868
457870
457993
457995
458119
458364
458491
458617
458741
458743
458865
458867
458920
458922
458980
458989
458991
459036
459038
459074
459110
459115
459117
459201
459367
459503
459532
459534
459543
459545
459549
459551
459554
459559
459562
459564
459618
459771
459778
459983
459985
459987
459989
459991
459993
459995
459997
459999
460001
460003
460005
460015
460017
460104
460180
460347
460349
460429
460431
460438
460477
460479
460513
460515
460554
460556
460571
460629
460631
460678
460680
460804
460927
461054
461177
461426
461550
461552
461674
461676
461798
462031
462033
462044
462151
462153
462164
462166
462275
462277
462284
462286
462399
462404
462526
462528
462656
462771
462874
462876
462895
462982
462984
463019
463092
463135
463137
463141
463947
463986
463990
464227
464237
464263
464958
464964
464966
465080
465082
465208
465332
465452
465455
465458
465565
465578
465702
465704
465826
465952
466072
466074
466196
466299
466301
466423
466669
466671
466793
466795
466917
466919
467041
467043
467167
467169
467291
467293
467415
467539
467541
467599
467658
467660
467667
467716
467789
467790
467882
467919
468118
468181
468216
468219
468228
468232
468234
468235
468236
468239
468241
468242
468244
468246
468248
468541
468602
468655
468660
468661
468662
468664
468666
468672
468676
468682
468684
468688
468719
468725
468856
468981
468983
469019
469021
469113
469115
469149
469151
469234
469245
469247
469301
469303
469730
469853
469978
470102
470348
470470
470472
470707
470709
470714
470716
470829
470831
470836
470953
470956
471073
471075
471076
471077
471079
471197
471201
471203
471321
471325
471327
471436
471438
471445
471447
471449
471451
471571
471575
471577
471695
471699
471701
471943
472041
472609
472662
472666
472958
473531
473630
473803
473874
473876
473880
473998
474000
474004
474019
474122
474124
474127
474129
474246
474248
474372
474374
474376
474378
474489
474496
474498
474500
474609
474620
474622
474729
474744
474851
474853
474866
474868
474973
475095
475097
475219
475221
475467
475591
475714
475841
475965
476272
476274
476328
476330
476339
476424
476460
476462
476552
476554
476589
476591
476717
476853
476886
476892
476898
476902
476910
476912
476913
476916
476918
476970
476982
477033
477214
477274
477329
477331
477333
477334
477337
477339
477341
477349
477355
477357
477363
477394
477454
477530
477654
477656
477695
477786
477861
477910
477917
477919
477977
478032
478034
478156
478280
478282
478406
478408
478530
478532
478654
478656
478780
478782
478904
478906
479028
479274
479276
479381
479503
479505
479625
479751
479875
479999
480006
480245
480369
480495
480497
480611
480613
480619
481302
481330
481340
481344
481575
481581
481589
481591
481629
482424
482426
482430
482432
482485
482548
482591
482593
482672
482699
482701
482919
483046
483048
483169
483287
483289
483294
483407
483409
483418
483420
483529
483540
483651
483895
483897
484019
484143
484267
484390
484515
484639
484641
484762
484764
484888
484890
484944
484946
485013
485015
485060
485062
485096
485098
485134
485139
485225
485264
485391
485558
485560
485570
485572
485574
485576
485578
485580
485585
485587
485589
485591
485644
485793
485804
486005
486007
486009
486011
486015
486017
486019
486021
486023
486025
486027
486029
486037
486039
486204
486371
486458
486460
486463
486499
486501
486534
486536
486584
486651
486653
486708
486831
486833
486956
486958
487082
487456
487580
487702
487704
487950
488057
488059
488072
488177
488179
488192
488194
488303
488314
488316
488427
488434
488554
488556
488801
488904
488925
489012
489014
489049
489120
489167
489171
489977
490014
490018
490026
490259
490269
490295
490297
490984
490988
490990
491106
491480
491487
491597
491600
491724
491972
491974
492092
492094
492216
492331
492333
492455
492457
492699
492701
492825
492827
492949
492951
493071
493073
493196
493198
493321
493323
493445
493447
493569
493678
493680
493693
493695
493736
493812
493817
493945
493947
494071
494143
494207
494236
494242
494244
494253
494260
494262
494266
494267
494268
494270
494272
494327
494387
494565
494622
494677
494679
494681
494685
494686
494687
494689
494705
494707
494880
495007
495040
495042
495133
495134
495135
495171
495260
495265
495267
495323
495384
495508
495630
495758
495882
496006
496008
496130
496378
496500
496502
496624
496725
496727
496746
496748
496847
496868
496971
497091
497093
497095
497108
497215
497219
497221
497339
497343
497345
497463
497467
497468
497469
497470
497587
497589
497593
497595
497713
497717
497719
497796
497961
497963
498059
498642
498644
498695
498929
498983
499565
499664
499829
499831
499906
499908
499937
500030
500032
500036
500047
500155
500156
500157
500158
500162
500280
500282
500286
500395
500404
500406
500410
500515
500517
500528
500530
500532
500652
500654
500757
500776
500877
500879
500896
500898
501123
501125
501247
501619
501743
502296
502298
502354
502412
502448
502476
502484
502486
502491
502576
502578
502617
502745
502747
502910
502914
502922
502926
502930
502933
502934
502936
502938
502940
502942
503000
503006
503357
503359
503361
503365
503367
503369
503373
503377
503384
503390
503476
503554
503678
503808
503815
503889
503891
503930
503945
503947
504005
504056
504058
504182
504303
504305
504428
504430
504554
504556
504678
504680
504802
504804
504926
504928
505174
505296
505298
505405
505527
505529
505647
505649
505662
505773
505897
505902
506021
506032
506145
506360
506389
506515
506517
506633
506637
507324
507334
507360
507601
507609
507611
507649
508340
508458
508462
508464
508580
508613
508704
508723
508941
508943
509070
509193
509311
509313
509326
509328
509433
509450
509452
509570
509572
509677
509920
509922
510045
510047
510170
510295
510418
510542
510544
510669
510671
510793
510795
510916
510918
510974
510976
511034
511041
511043
511090
511092
511126
511128
511164
511167
511169
511295
511419
511495
511555
511586
511588
511600
511604
511606
511608
511611
511615
511619
511672
511823
511832
512033
512035
512037
512039
512043
512045
512047
512049
512051
512053
512055
512065
512067
512230
512356
512399
512484
512491
512527
512529
512563
512565
512608
512623
512679
512681
512732
512856
512977
513104
513600
513722
513724
513846
514085
514087
514090
514092
514205
514207
514212
514214
514331
514332
514333
514334
514452
514454
514572
514574
514579
514703
514704
514827
514922
514924
514951
514953
515032
515075
515140
515193
515197
515415
515986
516036
516038
516044
516316
517006
517008
517012
517130
517256
517376
517380
517500
517504
517505
517617
517626
517750
517752
517874
517998
518000
518120
518122
518244
518349
518351
518473
518719
518721
518843
518845
518967
518969
519092
519094
519218
519341
519343
519464
519466
519591
519648
519706
519708
519715
519764
519838
519841
519930
519971
520167
520229
520268
520270
520278
520282
520284
520286
520288
520289
520290
520292
520294
520296
520592
520650
520705
520708
520710
520711
520712
520714
520716
520722
520726
520732
520738
520769
520772
520906
521032
521068
521070
521160
521163
521165
521199
521201
521286
521295
521297
521351
521353
521410
521534
521659
521784
521908
521910
522032
522034
522158
522404
522526
522528
522650
522757
522759
522770
522772
522881
523003
523125
523127
523129
523132
523247
523249
523251
523253
523373
523375
523377
523490
523492
523495
523499
523501
523600
523621
523625
523627
523745
523749
523751
523816
523993
523995
524093
524660
524712
524716
524953
525014
525581
525680
525806
525859
525924
525926
525930
526048
526050
526054
526075
526172
526174
526183
526185
526298
526302
526422
526424
526428
526543
526545
526546
526548
526550
526663
526670
526672
526783
526794
526903
526905
526916
526918
527147
527149
527268
527517
527641
527764
527891
528264
528320
528322
528378
528380
528389
528438
528474
528476
528509
528511
528602
528604
528641
528767
528769
528936
528942
528948
528950
528958
528962
528963
528964
528966
528968
528970
529023
529083
529169
529263
529326
529379
529381
529383
529386
529387
529389
529391
529394
529396
529400
529406
529412
529443
529455
529504
529582
529706
529708
529834
529836
529875
529910
529912
529958
529967
529969
530029
530084
530086
530208
530210
530329
530456
530458
530582
530584
530706
530708
530830
530832
530954
530956
531080
531324
531326
531555
531557
531675
531677
531690
531925
531930
532051
532060
532171
532388
532547
532549
532663
532665
532669
533357
533359
533386
533633
533639
533643
533679
533681
534478
534480
534482
534484
534537
534600
534643
534645
534724
534753
534973
535101
535103
535341
535343
535346
535463
535465
535468
535470
535585
535590
535707
535951
535953
536073
536075
536199
536323
536447
536570
536695
536697
536819
536821
536943
536945
536994
536996
537054
537067
537069
537110
537112
537148
537184
537193
537278
537319
537443
537519
537608
537610
537622
537625
537629
537630
537634
537638
537640
537693
537845
537854
537856
538055
538057
538059
538061
538065
538067
538069
538071
538073
538075
538077
538079
538087
538089
538256
538419
538508
538510
538511
538547
538549
538583
538585
538634
538699
538701
538760
538884
539007
539134
539632
539754
539756
539878
540103
540105
540124
540223
540225
540244
540246
540349
540351
540364
540366
540469
540473
540484
540486
540597
540606
540608
540720
540736
540846
540954
540956
540971
541064
541095
541172
541213
541217
542018
542028
542070
542072
542080
542301
542305
542342
543038
543040
543044
543162
543284
543288
543412
543532
543533
543536
543656
543660
543780
543904
544030
544148
544150
544272
544377
544379
544501
544746
544748
544871
544873
544995
544997
545117
545119
545243
545245
545369
545495
545616
545618
545728
545730
545743
545786
545862
545867
545869
545954
545997
546196
546255
546290
546292
546300
546304
546306
546308
546310
546312
546315
546316
546318
546320
546375
546614
546674
546729
546731
546733
546734
546737
546739
546741
546743
546745
546757
546759
546798
546927
547054
547095
547097
547182
547187
547189
547225
547308
547319
547321
547375
547377
547432
547556
547679
547806
547929
548054
548056
548178
548180
548426
548548
548550
548672
548775
548777
548794
548796
548897
549021
549141
549143
549145
549156
549263
549265
549267
549269
549387
549391
549393
549511
549513
549515
549517
549518
549637
549641
549761
549765
549767
549844
550005
550009
550011
550692
550749
550979
551031
551614
551712
551877
551954
551956
551985
552078
552080
552093
552095
552203
552204
552205
552206
552328
552330
552334
552443
552454
552458
552563
552565
552576
552578
552582
552685
552702
552704
552805
552826
552925
552927
552946
552948
553171
553173
553292
553419
553667
553790
554348
554350
554406
554415
554464
554500
554502
554536
554538
554539
554628
554630
554665
554667
554793
554960
554968
554972
554976
554978
554980
554986
554988
554992
554994
555047
555109
555405
555409
555413
555415
555417
555420
555424
555426
555430
555432
555438
555467
555481
555530
555602
555728
555730
555858
555937
555939
555980
555993
555995
556053
556055
556104
556106
556228
556230
556350
556352
556476
556478
556600
556602
556724
556726
556848
556850
556972
556974
557096
557342
557344
557457
557579
557581
557586
557701
557706
557949
558076
558078
558567
558569
558685
559370
559380
559406
559649
559657
559659
559661
559687
559695
559751
560502
560504
560508
560661
560989
561117
561119
561359
561372
561479
561481
561494
561496
561601
561616
561723
561966
561968
562093
562095
562217
562219
562341
562467
562591
562715
562717
562839
562841
562965
562967
563020
563022
563080
563089
563091
563136
563138
563200
563212
563215
563304
563341
563467
563543
563634
563636
563642
563647
563650
563654
563656
563658
563660
563664
563666
563668
563783
563869
563880
564081
564083
564085
564087
564091
564093
564095
564097
564099
564101
564112
564114
564163
564284
564409
564447
564536
564539
564541
564575
564577
564610
564612
564662
564727
564729
564786
564910
565031
565654
565776
565778
565900
566133
566135
566144
566146
566253
566255
566264
566266
566379
566386
566499
566503
566504
566506
566624
566626
566627
566751
566864
566877
566972
566974
567001
567082
567125
567127
567188
567190
567243
568046
568086
568088
568094
568329
568333
568370
569056
569058
569062
569300
569304
569430
569550
569554
569667
569674
569676
569678
569798
569800
569802
569924
570050
570170
570292
570294
570397
570399
570521
570523
570767
570768
570891
570893
571015
571017
571140
571142
571264
571266
571391
571512
571514
571639
571754
571756
571763
571812
571888
571889
571980
572015
572217
572277
572279
572312
572315
572316
572332
572333
572334
572335
572341
572342
572344
572346
572348
572397
572457
572640
572700
572751
572753
572755
572757
572759
572761
572762
572763
572767
572771
572779
572781
572820
572954
573080
573116
573118
573208
573209
573211
573247
573284
573334
573341
573343
573399
573458
573582
573706
573708
573832
573956
573958
574080
574082
574204
574452
574574
574576
574698
574803
574805
574820
574822
574927
574942
575051
575171
575173
575175
575182
575295
575297
575299
575417
575419
575421
575423
575543
575544
575547
575549
575667
575669
575673
575791
575793
575797
575919
576041
576043
576139
576711
576730
576765
577001
577009
577063
577632
577854
577909
577972
578096
578098
578102
578125
578220
578222
578235
578346
578470
578472
578475
578476
578594
578595
578596
578597
578598
578600
578715
578718
578720
578835
578842
578844
578955
578957
578964
578966
579199
579201
579317
579693
579816
579940
580367
580369
580426
580486
580522
580524
580558
580560
580563
580650
580652
580689
580815
580817
580984
580990
580992
580996
581000
581004
581010
581012
581016
581018
581217
581374
581427
581431
581434
581435
581437
581439
581442
581446
581448
581454
581460
581493
581503
581552
581630
581753
581755
581882
581921
581957
581959
582006
582008
582015
582073
582075
582132
582134
582256
582258
582380
582382
582504
582506
582630
582632
582754
582756
582878
582880
583002
583004
583128
583250
583372
583374
583479
583601
583603
583618
583723
583738
583978
584097
584108
584110
584328
584436
584593
584595
584711
584715
585400
585410
585438
585440
585679
585687
585689
585725
585727
586416
586532
586534
586538
586691
587019
587147
587149
587389
587398
587509
587511
587520
587522
587631
587642
587753
587755
587997
587999
588121
588123
588247
588249
588371
588495
588621
588623
588745
588747
588869
588871
588994
588996
589043
589046
589104
589119
589121
589160
589162
589196
589198
589234
589243
589245
589371
589495
589571
589631
589658
589660
589670
589672
589676
589678
589680
589682
589684
589688
589690
589692
589897
589904
590107
590109
590111
590113
590117
590119
590121
590123
590125
590127
590129
590131
590139
590141
590304
590430
590471
590558
590560
590563
590565
590599
590601
590635
590637
590684
590751
590753
590808
590932
591055
591308
591680
591802
591804
591926
592151
592153
592172
592174
592271
592273
592292
592294
592395
592397
592412
592414
592515
592519
592534
592536
592643
592654
592656
592893
592894
593004
593006
593017
593019
593114
593141
593143
593220
593222
593259
593261
593265
593483
594078
594118
594120
594126
594128
594406
595088
595094
595332
595336
595338
595462
595579
595582
595586
595691
595706
595708
595710
595830
595832
595834
595956
596080
596082
596202
596303
596324
596326
596423
596425
596547
596549
596795
596918
597041
597043
597165
597167
597291
597293
597417
597539
597541
597665
597667
597782
597784
597789
597840
597878
597913
597915
598006
598041
598045
598303
598339
598341
598351
598358
598360
598362
598363
598364
598366
598368
598370
598372
598483
598664
598776
598778
598780
598783
598784
598786
598788
598793
598797
598805
598807
598844
598902
599099
599142
599144
599230
599237
599273
599311
599354
599367
599369
599425
599477
599602
599604
599724
599852
599976
599978
600100
600102
600224
600226
600472
600594
600596
600718
600720
600829
600831
600842
600953
601073
601075
601195
601197
601199
601317
601319
601321
601323
601441
601445
601447
601564
601565
601569
601571
601689
601691
601695
601813
601819
602061
602063
602159
602736
602754
603019
603027
603081
603658
603758
603884
603925
603927
604002
604124
604126
604143
604250
604252
604253
604256
604376
604380
604493
604500
604613
604615
604624
604628
604733
604735
604748
604750
604853
604855
604872
604975
604977
604992
604994
605221
605341
605343
606215
606339
606398
606400
606456
606514
606550
606552
606586
606588
606589
606679
606681
606715
606843
607012
607014
607018
607024
607026
607028
607030
607032
607037
607038
607040
607042
607044
607046
607097
607243
607404
607455
607457
607459
607463
607464
607465
607467
607469
607471
607475
607477
607483
607489
607522
607582
607646
607658
607660
607782
607912
607914
607951
607986
607988
608036
608043
608045
608103
608105
608160
608162
608284
608405
608532
608534
608656
608658
608780
608782
608904
608906
609028
609030
609152
609396
609398
609629
609631
609640
609751
609753
609760
610000
610001
610128
610130
610456
610617
610621
610623
610739
611419
611430
611458
611460
611468
611705
611713
611750
611752
611777
612436
612552
612554
612711
612713
612800
612821
613039
613166
613168
613289
613409
613424
613529
613544
613546
613651
613668
613773
614017
614143
614145
614267
614391
614393
614514
614516
614641
614643
614765
614767
614891
615012
615072
615074
615132
615139
615141
615188
615190
615226
615265
615391
615517
615653
615686
615688
615698
615700
615704
615706
615708
615710
615712
615716
615720
615773
615837
615932
616131
616133
616135
616137
616139
616141
616143
616145
616147
616149
616151
616153
616155
616163
616165
616332
616458
616497
616499
616586
616588
616589
616625
616627
616661
616663
616712
616721
616777
616779
616835
616960
617084
617336
617708
617830
617832
617956
618183
618185
618200
618202
618303
618305
618320
618322
618429
618431
618442
618444
618549
618553
618562
618564
618677
618682
618684
618800
618927
619030
619032
619051
619053
619140
619175
619246
619248
619293
620100
620140
620142
620148
620381
620423
621106
621108
621230
621352
621356
621476
621480
621600
621602
621604
621606
621613
621723
621726
621728
621730
621850
621852
621974
621976
622098
622100
622222
622333
622344
622453
622455
622577
622822
622943
622945
623069
623071
623192
623194
623317
623319
623441
623565
623689
623691
623806
623808
623813
623815
623864
623902
623938
623939
624030
624032
624067
624268
624327
624368
624370
624378
624382
624384
624387
624388
624390
624392
624394
624396
624398
624447
624507
624691
624752
624799
624801
624803
624805
624807
624809
624812
624813
624815
624819
624829
624831
624872
624930
625133
625167
625259
625260
625295
625384
625386
625391
625393
625449
625508
625510
625634
625758
625882
625884
626006
626008
626132
626134
626256
626380
626626
626628
626750
626853
626855
626872
626977
627097
627099
627221
627223
627234
627343
627345
627347
627349
627467
627469
627471
627473
627484
627593
627596
627597
627717
627721
627841
627847
628085
628089
628091
628768
628786
628822
629053
629059
629061
629101
629111
629784
629910
629957
629959
630026
630028
630065
630150
630152
630173
630175
630276
630283
630285
630523
630524
630525
630643
630645
630648
630652
630765
630770
630772
630885
630894
630896
631005
631007
631014
631016
631251
631253
631375
631377
631498
631747
631869
632245
632420
632422
632478
632536
632538
632572
632574
632607
632610
632617
632700
632702
632743
632871
633033
633035
633045
633047
633049
633051
633053
633055
633059
633061
633062
633063
633065
633067
633123
633183
633269
633278
633364
633479
633483
633485
633486
633487
633489
633491
633493
633497
633499
633501
633507
633513
633604
633680
633805
633932
633973
634008
634010
634058
634065
634067
634125
634182
634306
634308
634429
634431
634434
634556
634558
634682
634806
634930
634932
635054
635056
635178
635180
635424
635426
635525
635647
635649
635668
635769
635788
636030
636158
636160
636378
636639
636641
636757
637451
637462
637488
637504
637725
637733
637735
637773
638468
638584
638586
638590
638737
639065
639067
639195
639206
639435
639454
639557
639576
639578
639677
639698
639799
639801
640043
640045
640169
640171
640293
640295
640417
640419
640541
640667
640669
640791
640793
640916
641041
641095
641098
641156
641165
641167
641212
641214
641250
641286
641291
641417
641419
641543
641545
641618
641679
641708
641710
641716
641720
641722
641726
641727
641728
641733
641737
641738
641741
641792
641799
641859
641953
642040
642100
642157
642159
642161
642163
642167
642171
642173
642175
642177
642179
642189
642191
642352
642480
642523
642525
642606
642615
642617
642651
642653
642688
642747
642803
642805
642856
642979
643850
643852
643974
644205
644207
644218
644220
644325
644327
644340
644342
644449
644451
644460
644462
644569
644573
644575
644580
644582
644693
644697
644702
644821
644942
644945
644947
645050
645052
645069
645071
645160
645193
645195
645268
645270
645311
645437
645533
646114
646397
646403
646439
646457
647134
647136
647258
647380
647384
647386
647504
647508
647628
647629
647630
647632
647634
647741
647754
647756
647758
647878
647880
647882
647991
648002
648004
648006
648126
648128
648250
648353
648372
648374
648475
648597
648599
648844
648967
648969
649091
649093
649217
649219
649341
649467
649591
649716
649778
649834
649836
649839
649892
649965
649966
650058
650091
650294
650352
650394
650396
650404
650408
650410
650412
650413
650414
650416
650418
650420
650422
650424
650473
650533
650776
650827
650829
650831
650833
650834
650835
650837
650838
650839
650841
650843
650847
650855
650857
650902
650956
651030
651156
651193
651195
651284
651285
651287
651323
651361
651408
651417
651419
651532
651656
651779
651904
651906
652028
652030
652152
652154
652276
652400
652644
652646
652768
652879
652881
652890
653003
653127
653247
653249
653250
653251
653371
653373
653375
653495
653497
653499
653610
653612
653619
653621
653623
653625
653743
653745
653749
653869
653873
653995
654111
654115
654117
654784
655075
655081
655122
655132
655145
655707
655804
655926
655930
655977
656048
656083
656172
656174
656178
656191
656193
656298
656303
656422
656541
656543
656546
656552
656661
656663
656670
656672
656676
656783
656794
656796
656903
656905
656920
657023
657025
657038
657040
657042
657269
657271
657393
657395
657517
657765
657888
658139
658265
658387
658444
658446
658513
658562
658598
658600
658634
658636
658637
658639
658726
658728
658765
658891
658893
659060
659062
659066
659072
659074
659076
659080
659086
659088
659090
659094
659293
659390
659449
659505
659507
659509
659513
659515
659517
659519
659521
659525
659536
659538
659569
659706
659708
659830
659832
659958
659963
659999
660035
660037
660082
660084
660093
660151
660153
660208
660332
660456
660458
660580
660582
660706
660708
660830
660832
660954
660956
661078
661080
661204
661448
661450
661557
661679
661681
661692
661801
661812
662052
662175
662180
662182
662508
662667
662671
662673
662789
663468
663478
663503
663507
663757
663765
663767
663795
663805
664484
664600
664602
664606
664767
664875
665093
665095
665221
665222
665461
665463
665472
665583
665592
665594
665825
665827
666070
666193
666195
666317
666319
666441
666563
666565
666689
666691
666815
666938
666940
667062
667064
667118
667120
667178
667180
667189
667234
667236
667272
667310
667441
667565
667567
667641
667703
667734
667740
667746
667750
667752
667754
667757
667759
667763
667765
667767
667818
667821
667883
667979
668066
668126
668179
668181
668185
668187
668193
668195
668197
668199
668201
668207
668213
668380
668506
668545
668547
668634
668637
668639
668673
668675
668711
668758
668769
668827
668829
668884
669008
669258
669878
669880
670002
670231
670233
670246
670248
670353
670355
670368
670370
670477
670479
670488
670490
670597
670601
670603
670608
670610
670721
670725
670730
670851
670970
670975
671080
671095
671099
671101
671188
671219
671223
671225
671296
671343
671347
671565
672142
672194
672487
673158
673160
673164
673280
673402
673406
673526
673530
673650
673654
673661
673663
673774
673776
673778
673898
673900
673902
674022
674023
674024
674146
674148
674268
674385
674390
674392
674507
674629
674631
674877
674999
675001
675123
675125
675247
675249
675371
675373
675495
675497
675618
675620
675744
675796
675852
675854
675867
675948
675986
675993
676078
676121
676321
676379
676414
676416
676422
676430
676434
676436
676439
676440
676442
676444
676851
676853
676855
676857
676858
676859
676861
676863
676865
676867
676879
676881
676922
676978
677177
677217
677306
677309
677383
677432
677439
677441
677556
677680
677682
677803
677805
677932
678053
678055
678178
678180
678302
678304
678428
678674
678796
678798
678899
678901
678920
679023
679025
679145
679147
679267
679269
679271
679391
679393
679395
679515
679517
679519
679639
679642
679643
679645
679765
679769
679889
679893
680015
680133
680137
680139
680832
680868
681097
681149
681159
681737
681836
681962
682005
682080
682113
682202
682204
682221
682328
682331
682452
682571
682576
682691
682693
682700
682704
682811
682813
682822
682824
682931
682933
682946
682948
683053
683055
683066
683068
683299
683420
683421
684169
684293
684416
684466
684468
684543
684582
684584
684620
684622
684656
684658
684667
684748
684750
684793
684921
685080
685082
685088
685090
685094
685096
685098
685100
685102
685108
685110
685114
685116
685175
685321
685412
685472
685532
685535
685537
685539
685543
685545
685550
685554
685560
685566
685591
685609
685650
685726
685728
685851
685978
686029
686065
686067
686104
686121
686123
686181
686183
686228
686352
686354
686474
686476
686602
686604
686728
686852
686974
686976
687100
687102
687224
687468
687470
687581
687701
687703
687714
687825
687834
687836
687954
688076
688204
688206
688424
688445
688534
688685
688689
688691
688809
689498
689508
689534
689538
689785
689787
689815
689825
690514
690630
690632
690636
690789
690897
691115
691117
691246
691252
691487
691502
691607
691622
691624
691746
691851
691853
692095
692221
692222
692345
692347
692469
692471
692593
692595
692719
692721
692843
692845
692967
692969
693093
693148
693206
693208
693217
693219
693262
693264
693343
693469
693471
693595
693597
693731
693760
693766
693772
693776
693778
693780
693783
693785
693789
693790
693793
693857
694004
694090
694150
694207
694209
694210
694213
694215
694221
694225
694227
694229
694235
694241
694402
694404
694528
694530
694573
694575
694656
694665
694667
694701
694703
694739
694799
694855
694857
695402
695525
695896
696018
696020
696261
696263
696264
696266
696381
696383
696386
696505
696506
696507
696625
696626
696627
696628
696629
696631
696746
696748
696755
696879
696986
697003
697005
697096
697098
697127
697129
697206
697251
697253
697312
697314
697369
697373
697591
698160
698212
698218
698457
698492
698510
699180
699182
699186
699424
699426
699428
699430
699550
699554
699674
699678
699680
699681
699683
699798
699800
699802
699804
699922
699924
699926
700043
700048
700050
700172
700174
700294
700405
700416
700418
700527
700649
700651
700897
701020
701143
701145
701269
701271
701393
701395
701519
701642
701767
701769
701822
701878
701880
701891
701893
701974
702012
702014
702017
702104
702143
702344
702440
702442
702452
702456
702458
702460
702463
702465
702468
702472
702525
702584
702763
702820
702879
702881
702883
702884
702885
702887
702889
702893
702895
702899
702907
702909
702944
703004
703204
703206
703246
703332
703337
703339
703375
703413
703458
703469
703471
703582
703706
703828
703954
703956
704077
704079
704204
704206
704328
704330
704452
704696
704698
704820
704933
704942
705055
705057
705177
705179
705302
705303
705425
705427
705547
705549
705551
705662
705671
705673
705677
705797
705801
705921
705925
706047
706165
706169
706171
706848
706886
706890
706892
707139
707191
707978
708033
708035
708094
708096
708141
708220
708249
708251
708344
708359
708470
708594
708597
708717
708718
708719
708722
708837
708840
708842
708957
708959
708966
708968
709077
709079
709086
709088
709323
709443
709445
709568
709692
710191
710315
710440
710491
710493
710550
710565
710608
710610
710644
710646
710680
710682
710689
710691
710772
710774
710815
710945
711106
711108
711118
711120
711122
711124
711125
711128
711130
711134
711136
711138
711140
711345
711438
711498
711555
711559
711564
711566
711570
711572
711574
711576
711578
711582
711588
711590
711630
711678
711752
711754
711877
711879
712006
712015
712051
712087
712089
712129
712131
712144
712203
712205
712254
712256
712380
712502
712504
712630
712753
712755
712878
712880
713003
713126
713128
713252
713498
713609
713620
713731
713733
713742
713853
713862
713982
714102
714104
714231
714234
714452
714477
714560
714719
714723
714725
714841
715522
715532
715560
715562
715817
715819
715821
715847
715857
716534
716650
716652
716656
716821
717146
717149
717151
717279
717519
717520
717640
717641
717642
717764
717883
717884
718124
718126
718251
718253
718375
718377
718499
718501
718622
718747
718749
718872
718995
718997
719121
719168
719228
719230
719245
719284
719286
719322
719367
719369
719495
719497
719619
719621
719697
719755
719784
719790
719796
719800
719804
719807
719811
719813
719814
719815
719868
719875
719939
720027
720114
720174
720229
720231
720234
720235
720237
720243
720247
720251
720257
720263
720428
720555
720593
720595
720682
720685
720687
720721
720723
720785
720808
720817
720873
720875
720932
721556
721926
721928
722050
722279
722281
722294
722296
722401
722416
722418
722523
722525
722538
722645
722649
722656
722658
722769
722773
722778
722893
722897
722899
723017
723018
723021
723023
723128
723147
723149
723271
723273
723344
723346
723515
723613
724190
724192
724244
724477
724535
725114
725210
725212
725454
725456
725460
725578
725584
725702
725704
725708
725709
725826
725828
725832
725950
725952
725954
725956
726074
726076
726078
726198
726200
726320
726322
726431
726442
726444
726555
726677
726679
726799
727047
727049
727171
727173
727295
727297
727421
727547
727670
727794
727844
727900
727902
727919
727996
728032
728034
728045
728126
728171
728372
728431
728462
728464
728474
728480
728482
728484
728488
728490
728491
728492
728551
728611
728847
728905
728907
728908
728909
728911
728913
728915
728917
728919
728921
728925
728933
728935
728968
729025
729225
729271
729356
729363
729437
729482
729493
729495
729553
729604
729606
729730
729854
729856
729978
729980
730102
730104
730228
730230
730352
730354
730476
730722
730724
730846
730951
730968
731073
731193
731319
731330
731441
731443
731563
731567
731580
731687
731689
731690
731693
731813
731817
731937
731941
732063
732181
732185
732187
732864
732882
732924
733155
733207
733788
734006
734010
734012
734053
734128
734161
734252
734254
734269
734271
734378
734489
734619
734739
734741
734750
734752
734756
734859
734861
734874
734876
734979
734981
734998
735000
735101
735103
735118
735120
735347
735467
735470
735595
736217
736341
736464
736466
736522
736524
736580
736591
736638
736674
736676
736710
736712
736715
736801
736803
736967
736969
737134
737136
737146
737148
737149
737150
737154
737158
737162
737164
737166
737168
737369
737371
737464
737528
737581
737583
737584
737585
737587
737591
737593
737598
737602
737608
737614
737616
737643
737657
737704
737775
737778
737903
737947
738030
738041
738077
738113
738115
738154
738156
738171
738229
738231
738278
738280
738402
738404
738526
738528
738650
738652
738774
738776
738900
739022
739024
739146
739148
739270
739272
739516
739518
739635
739640
739755
739757
739760
739762
739877
739882
740122
740124
740252
740472
740580
740582
740688
740739
740743
740745
740861
741544
741546
741582
741584
741592
741833
741837
741863
741873
742556
742560
742562
742678
742837
743163
743165
743174
743295
743535
743548
743550
743655
743668
743670
743792
743899
743901
744023
744140
744268
744269
744393
744395
744517
744519
744640
744642
744767
744769
744893
745015
745017
745139
745141
745196
745256
745258
745267
745312
745314
745350
745391
745517
745519
745643
745721
745779
745810
745812
745818
745824
745828
745832
745834
745836
745839
745840
745842
745844
745846
745899
745961
746054
746142
746204
746255
746257
746259
746261
746263
746269
746271
746273
746275
746277
746283
746287
746289
746456
746458
746584
746619
746621
746712
746713
746715
746749
746751
746787
746836
746845
746901
746903
747208
747458
747584
747952
747954
748076
748078
748307
748309
748320
748322
748429
748440
748442
748551
748553
748562
748673
748677
748679
748680
748682
748801
748802
748921
748925
748927
749040
749045
749049
749051
749150
749171
749175
749177
749258
749299
749301
749364
749366
749543
749641
750210
750264
750505
750509
750563
751134
751232
751476
751480
751482
751600
751604
751606
751724
751726
751730
751731
751848
751850
751854
751974
751976
751978
752091
752098
752100
752102
752222
752224
752346
752451
752468
752470
752573
752695
752697
752943
753067
753191
753315
753317
753438
753440
753565
753689
753815
753874
753930
753932
753939
754026
754062
754064
754154
754156
754189
754319
754392
754450
754492
754494
754502
754510
754511
754512
754514
754518
754520
754522
754573
754814
754874
754927
754929
754931
754933
754934
754935
754937
754939
754941
754943
754947
754955
754957
754996
755056
755256
755295
755386
755387
755461
755512
755517
755519
755577
755634
755760
755881
755883
756010
756132
756134
756256
756258
756380
756382
756506
756752
756874
756876
756981
756998
757103
757105
757225
757349
757351
757475
757595
757599
757610
757720
757721
757723
757725
757845
757849
757969
758095
758213
758217
758219
758906
758942
758948
759187
759189
759228
759238
759808
760026
760030
760032
760085
760148
760193
760272
760274
760301
760303
760398
760521
760648
760650
760769
760771
760772
760776
760889
760891
760894
760896
761009
761011
761018
761020
761131
761138
761140
761253
761375
761493
761495
761620
761745
762117
762241
762365
762489
762491
762544
762546
762604
762613
762660
762662
762698
762700
762734
762736
762737
762739
762826
762828
762993
763158
763160
763172
763174
763176
763178
763180
763184
763188
763190
763192
763194
763393
763605
763609
763610
763613
763615
763618
763620
763624
763626
763630
763636
763638
763679
763730
763806
763931
764058
764097
764099
764133
764135
764182
764184
764191
764249
764251
764306
764308
764432
764434
764554
764556
764682
764806
764932
765056
765178
765180
765302
765304
765550
765655
765672
765775
765777
765792
765794
765901
765914
766034
766154
766156
766284
766504
766523
766612
766614
766720
766763
766769
766887
767578
767614
767616
767630
767863
767867
767893
767903
768586
768590
768592
768708
768834
769078
769193
769195
769202
769325
769326
769450
769574
769576
769685
769694
769696
769818
769929
769931
770053
770171
770299
770301
770423
770425
770547
770549
770670
770672
770797
770799
770921
770922
771045
771047
771168
771170
771219
771278
771280
771293
771334
771336
771417
771545
771547
771671
771743
771807
771834
771840
771842
771846
771848
771850
771854
771856
771858
771860
771864
771866
771868
772077
772164
772279
772281
772285
772286
772287
772289
772293
772297
772301
772307
772313
772478
772480
772604
772606
772643
772645
772734
772735
772737
772771
772773
772809
772867
772923
772925
773108
773481
773606
773854
773978
774100
774102
774323
774325
774346
774348
774447
774468
774569
774571
774588
774691
774693
774695
774708
774710
774813
774817
774819
774830
774943
775067
775068
775069
775070
775180
775187
775191
775193
775288
775311
775315
775317
775394
775396
775435
775561
775657
776242
776295
776527
776580
777166
777262
777264
777506
777508
777512
777632
777636
777638
777753
777755
777756
777758
777760
777762
777880
777882
777886
778004
778006
778010
778115
778130
778132
778254
778477
778498
778500
778599
778721
778723
778968
779092
779215
779217
779341
779343
779465
779467
779715
779841
779898
779954
779956
779965
780050
780052
780086
780088
780089
780177
780179
780215
780217
780345
780417
780510
780514
780516
780522
780526
780530
780532
780534
780536
780538
780540
780544
780597
780659
780836
780896
780951
780953
780955
780956
780957
780961
780963
780965
780969
780981
780983
781018
781076
781276
781319
781404
781406
781411
781487
781528
781530
781543
781545
781652
781654
781778
781901
782024
782026
782147
782149
782272
782274
782398
782400
782522
782768
782892
782894
783003
783005
783014
783127
783247
783249
783371
783373
783493
783495
783497
783617
783619
783621
783626
783741
783745
783865
783869
783989
783993
784115
784231
784235
784237
784909
784928
784970
785201
785203
785245
786052
786056
786058
786101
786174
786209
786298
786300
786317
786319
786424
786427
786537
786664
786666
786787
786789
786798
786802
786907
786909
786920
786922
787027
787029
787044
787046
787149
787164
787166
787395
787516
787518
787641
787643
788014
788138
788265
788388
788511
788513
788570
788572
788637
788688
788690
788724
788726
788760
788762
788763
788765
788852
788854
788889
789015
789090
789184
789186
789194
789196
789198
789200
789202
789204
789206
789208
789212
789214
789216
789218
789419
789428
789630
789634
789639
789641
789643
789645
789647
789651
789653
789663
789665
789696
789829
789832
789995
790082
790084
790125
790161
790163
790208
790219
790277
790279
790330
790332
790454
790456
790578
790704
790828
790952
791076
791198
791200
791322
791324
791446
791568
791683
791690
791803
791805
791810
791812
791927
791930
791932
792050
792170
792172
792300
792520
792551
792628
792736
792791
792797
793592
793594
793634
793879
793889
793915
794604
794610
794724
794726
795098
795102
795213
795222
795226
795343
795348
795596
795716
795718
795947
795949
796071
796190
796316
796318
796441
796443
796565
796567
796689
796691
796815
796817
796941
797063
797065
797186
797244
797304
797306
797315
797360
797362
797398
797437
797439
797565
797567
797691
797765
797767
797829
797859
797865
797871
797873
797877
797879
797881
797883
797885
797886
797889
797891
797893
797947
798104
798189
798250
798303
798308
798309
798310
798312
798314
798320
798324
798330
798332
798336
798367
798370
798504
798630
798668
798670
798761
798763
798797
798799
798884
798893
798895
798951
798953
799008
799382
799508
799632
799756
800002
800004
800126
800128
800355
800357
800370
800372
800477
800479
800494
800601
800603
800614
800723
800725
800727
800732
800734
800845
800849
800851
800854
800971
800975
801092
801094
801095
801099
801101
801202
801219
801223
801225
801343
801347
801349
801418
801467
801593
801691
802260
802312
802320
802595
802612
803179
803278
803280
803522
803524
803528
803646
803648
803652
803772
803774
803778
803785
803896
803898
803902
804020
804022
804026
804144
804145
804146
804148
804270
804272
804392
804505
804514
804516
804627
804749
804751
804871
805119
805241
805243
805365
805367
805491
805615
805739
805863
805920
805922
805978
806072
806074
806107
806110
806202
806204
806239
806367
806501
806534
806540
806544
806550
806558
806560
806561
806562
806566
806620
806630
806681
806920
806975
806977
806979
806981
806982
806983
806985
806987
806989
806995
807003
807005
807043
807104
807178
807301
807343
807434
807435
807471
807509
807558
807565
807567
807625
807682
807804
807806
807928
807930
808054
808056
808178
808180
808302
808304
808306
808428
808430
808552
808554
808676
808800
808922
808924
809029
809151
809153
809273
809275
809399
809523
809647
809656
809658
809769
809773
809893
810017
810143
810261
810267
810939
810958
811000
811223
811229
811235
811237
811277
812078
812084
812133
812200
812241
812324
812349
812351
812569
812698
812700
812819
812820
812821
812939
812941
812944
813059
813061
813066
813068
813181
813188
813427
813548
813550
813672
813674
813923
814047
814171
814294
814296
814419
814421
814542
814544
814592
814594
814667
814669
814708
814710
814744
814746
814781
814783
814791
814793
814876
814919
815043
815118
815206
815208
815218
815220
815222
815224
815226
815227
815232
815235
815237
815239
815291
815445
815452
815655
815657
815659
815661
815665
815667
815669
815671
815673
815675
815677
815679
815687
815689
815778
815854
815978
816019
816106
816108
816111
816147
816149
816183
816185
816230
816232
816241
816299
816301
816354
816356
816480
816482
816601
816603
816730
816853
816980
817102
817104
817226
817228
817350
817352
817598
817701
817703
817720
817821
817823
817840
817842
817945
817947
817962
817964
818202
818204
818332
818552
818660
818662
818693
818768
818809
818811
818815
818933
819625
819662
819666
819674
819913
819939
819949
820636
820640
820642
820758
820913
821134
821241
821254
821258
821371
821380
821504
821628
821748
821750
821872
821975
821977
822099
822345
822346
822469
822471
822593
822595
822717
822719
822843
822845
822969
823090
823092
823214
823269
823328
823330
823343
823384
823386
823465
823595
823719
823794
823857
823882
823888
823890
823900
823906
823908
823912
823914
823916
823918
823975
824037
824211
824272
824330
824331
824332
824336
824339
824345
824349
824353
824357
824359
824365
824395
824526
824652
824697
824699
824788
824790
824825
824827
824863
824921
824979
825028
825277
825404
825527
825651
826024
826146
826148
826379
826381
826392
826394
826501
826514
826623
826625
826634
826745
826747
826749
826754
826756
826867
826871
826873
826876
826991
826995
826997
827114
827115
827116
827119
827121
827224
827239
827245
827363
827367
827369
827442
827611
827709
828288
828342
828350
828579
828631
828633
829212
829308
829310
829479
829552
829554
829558
829676
829678
829682
829802
829804
829805
829807
829808
829926
829928
829932
830045
830050
830052
830056
830167
830174
830176
830178
830300
830407
830527
830529
830544
830546
830773
830775
830896
831145
831267
831269
831393
831517
831643
831767
831950
831952
832008
832015
832066
832102
832104
832137
832140
832141
832230
832232
832267
832395
832529
832562
832568
832574
832578
832582
832586
832588
832589
832590
832592
832594
832648
832658
832709
832887
832951
833005
833007
833009
833013
833015
833017
833021
833025
833032
833038
833067
833130
833204
833328
833458
833463
833537
833539
833580
833582
833595
833597
833704
833706
833828
833830
833951
833953
834076
834200
834202
834324
834326
834448
834450
834572
834574
834818
834940
834942
835057
835059
835181
835183
835301
835303
835304
835427
835549
835553
835673
835674
835675
835677
835801
836171
836287
836289
836293
836976
837013
837017
837253
837261
837263
837299
837301
837882
838100
838104
838106
838153
838222
838259
838261
838348
838369
838371
838472
838479
838589
838716
838718
838839
838841
838846
838850
838959
838961
838968
838970
839079
839081
839092
839094
839201
839214
839325
839447
839568
839570
839693
839695
839819
840065
840190
840317
840441
840564
840566
840618
840620
840678
840689
840691
840734
840736
840772
840774
840807
840809
840815
840817
840902
840941
841067
841143
841232
841234
841246
841248
841249
841251
841252
841255
841256
841260
841263
841266
841268
841471
841478
841683
841687
841689
841691
841693
841695
841697
841699
841701
841703
841705
841715
841717
841804
841878
841880
842004
842047
842132
842134
842139
842177
842179
842213
842241
842256
842258
842271
842329
842331
842380
842382
842506
842508
842630
842632
842756
843006
843130
843254
843376
843378
843624
843735
843746
843855
843857
843866
843868
843979
843981
843986
843988
844106
844226
844228
844355
844477
844574
844601
844682
844843
844847
844849
845643
845680
845696
845935
845945
845971
845973
846652
846658
846774
846776
847026
847146
847150
847271
847272
847396
847520
847646
847766
847768
847881
847890
848001
848003
848125
848371
848493
848495
848617
848619
848739
848741
848867
848869
848991
848993
849115
849239
849294
849352
849354
849367
849410
849483
849489
849619
849815
849881
849914
849916
849922
849926
849928
849931
849934
849936
849938
849940
849942
850002
850237
850298
850355
850357
850358
850361
850363
850373
850377
850383
850389
850418
850554
850678
850680
850719
850721
850813
850815
850849
850851
850887
850932
850945
851001
851003
851306
851430
851555
851680
851804
852052
852174
852176
852298
852407
852409
852418
852420
852529
852531
852542
852651
852653
852662
852773
852775
852777
852779
852782
852897
852901
853021
853025
853027
853142
853144
853145
853149
853151
853252
853271
853275
853277
853395
853399
853401
853468
853643
853645
853741
853743
854314
854365
854611
854663
854665
855231
855330
855511
855572
855574
855578
855696
855698
855702
855820
855822
855826
855837
855839
855944
855946
855950
856068
856070
856074
856192
856194
856196
856199
856318
856439
856442
856559
856561
856562
856564
856683
856805
856807
857175
857297
857299
857421
857423
857547
857670
857794
857919
857968
858024
858026
858043
858084
858120
858148
858155
858157
858167
858250
858252
858293
858421
858555
858582
858588
858594
858598
858604
858608
858610
858614
858615
858616
858673
858732
858910
859027
859029
859030
859031
859033
859035
859037
859039
859041
859043
859049
859055
859057
859090
859150
859214
859351
859393
859482
859485
859559
859604
859606
859615
859617
859732
859856
859977
859979
860102
860104
860227
860229
860352
860354
860476
860478
860600
860602
860848
860970
860972
861075
861199
861201
861319
861569
861691
861693
861695
861706
861815
861816
861819
862191
862307
862311
862313
863006
863008
863034
863273
863281
863283
863323
863325
864132
864136
864181
864254
864287
864289
864378
864397
864617
864745
864747
864867
864985
864987
864998
865107
865109
865120
865122
865229
865240
865242
865351
865596
865598
865721
865845
865969
866218
866343
866345
866467
866469
866593
866640
866642
866700
866717
866756
866758
866792
866794
866830
866843
866924
866969
867097
867254
867256
867264
867266
867268
867270
867272
867274
867276
867279
867281
867283
867287
867340
867497
