indexes
3538
11854
12096
13805
13927
14171
22723
29326
29570
31277
37750
37874
39837
48513
48757
55348
55590
57305
63656
63780
63904
64148
65855
65979
66223
81002
81374
81618
89796
89920
90164
91889
92011
92255
92503
100803
106904
107028
107400
107644
109353
115952
118273
118395
126829
130065
133663
135385
142216
143933
144301
152849
159206
159330
159454
159698
169955
173435
176794
178881
185470
185713
187433
194270
196347
196471
202824
211254
220048
220292
222013
222255
222749
228840
237398
237764
239481
246320
248029
248273
248397
248521
263424
263548
263791
265509
272338
274063
274307
289330
289454
289820
291773
298370
300079
300323
300571
306922
315098
315222
315346
315838
317561
324388
326353
326601
332948
341502
341746
341870
343577
343945
344069
350420
352131
352373
358968
359212
367024
367520
367886
369609
369977
376444
378157
385000
385244
393304
393428
393552
393796
395629
395871
407785
411016
411260
419450
419572
421657
422025
430207
430451
437049
439002
445351
445599
445843
445965
447684
447926
451102
463069
463311
471503
471871
471993
473580
474320
482498
489099
489343
497647
499736
500104
500228
515125
515367
523679
523923
525996
526120
534308
541389
549695
549939
551662
551784
552028
560576
566679
566803
567419
569128
575969
586606
592945
593193
595160
601747
601989
612628
619469
627775
628019
629734
630224
630348
630472
636565
644873
644997
645121
645487
647208
654045
655754
656122
662597
671151
671275
671519
673230
680065
681786
688617
696931
697055
697179
697545
699252
699496
706099
707802
708418
711287
716724
723075
723567
725284
725526
725650
734078
734202
734326
749227
749595
751304
751672
758145
759856
760098
766695
775119
775611
777578
784165
785882
789361
792723
801643
803352
803968
812152
815508
827173
827297
827539
829382
837930
844775
845019
852955
853079
853203
853571
855402
863960
864204
