19950801 03 57 44.800	470.000
19950801 06 57 43.700	460.000
19950801 15 28 80.900	720.000
19950802 00 11 64.900	620.000
19950802 01 36 64.900	620.000
19950802 03 37 60.300	590.000
19950802 07 17 63.300	610.000
19950802 11 15 74.300	680.000
19950802 17 38 71.200	660.000
19950802 21 11 60.300	590.000
19950802 22 40 59.000	580.000
19950803 00 31 66.400	630.000
19950803 01 52 66.400	630.000
19950803 07 10 54.900	550.000
19950803 08 52 53.500	540.000
19950803 16 14 68.000	640.000
19950803 18 18 57.600	570.000
19950803 23 45 48.000	500.000
19950804 03 12 56.200	560.000
19950804 07 39 53.500	540.000
19950804 10 13 60.300	590.000
19950804 14 52 60.300	590.000
19950804 19 07 48.000	500.000
19950804 20 13 48.000	500.000
19950804 21 10 53.500	540.000
19950804 22 30 52.100	530.000
19950804 23 26 56.200	560.000
19950805 00 44 53.500	540.000
19950805 02 25 72.800	670.000
19950805 07 13 59.000	580.000
19950805 10 07 92.800	790.000
19950805 12 40 96.300	810.000
19950805 16 12 86.000	750.000
19950805 17 55 87.700	760.000
19950805 19 20 79.200	710.000
19950805 23 26 71.200	660.000
19950806 02 19 71.200	660.000
19950806 04 29 61.700	600.000
19950806 09 08 59.000	580.000
19950806 10 46 64.900	620.000
19950806 22 27 66.400	630.000
19950807 02 21 52.100	530.000
19950807 04 30 52.100	530.000
19950807 05 28 56.200	560.000
19950807 07 37 54.900	550.000
19950807 16 00 54.900	550.000
19950807 18 30 60.300	590.000
19950808 00 07 61.700	600.000
19950808 01 58 72.800	670.000
19950808 05 25 74.300	680.000
19950808 05 51 71.200	660.000
19950808 07 10 71.200	660.000
19950808 08 12 77.500	700.000
19950808 11 09 79.200	710.000
19950808 13 43 69.600	650.000
19950808 14 41 74.300	680.000
19950808 15 51 63.300	610.000
19950808 20 11 64.900	620.000
19950808 22 24 71.200	660.000
19950809 01 23 68.000	640.000
19950809 05 48 48.000	500.000
19950809 08 06 45.800	480.000
19950809 13 19 80.900	720.000
19950809 14 12 75.900	690.000
19950809 15 27 77.500	700.000
19950809 21 24 59.000	580.000
19950809 23 39 54.900	550.000
19950810 02 55 53.500	540.000
19950810 05 02 60.300	590.000
19950810 09 47 60.300	590.000
19950810 11 38 56.200	560.000
19950810 20 25 53.500	540.000
19950810 21 28 57.600	570.000
19950810 23 11 57.600	570.000
19950811 01 43 48.000	500.000
19950811 04 39 77.500	700.000
19950811 10 11 59.000	580.000
19950811 14 48 69.600	650.000
19950811 16 23 69.600	650.000
19950811 23 03 42.600	450.000
19950812 00 34 40.400	430.000
19950812 03 21 63.300	610.000
19950812 09 27 56.200	560.000
19950812 19 03 59.000	580.000
19950812 23 22 48.000	500.000
19950813 04 04 49.400	510.000
19950813 08 29 53.500	540.000
19950813 11 35 53.500	540.000
19950813 14 48 59.000	580.000
19950813 17 21 59.000	580.000
19950813 22 24 48.000	500.000
19950814 04 07 50.700	520.000
19950814 06 31 54.900	550.000
19950814 15 37 56.200	560.000
19950814 16 33 59.000	580.000
19950814 19 22 59.000	580.000
19950814 22 27 46.900	490.000
19950815 02 02 44.800	470.000
19950815 06 12 66.400	630.000
19950815 07 43 66.400	630.000
19950815 10 47 59.000	580.000
19950815 13 36 56.200	560.000
19950815 20 22 57.600	570.000
19950816 02 11 45.800	480.000
19950816 08 22 52.100	530.000
19950816 14 08 52.100	530.000
19950816 17 19 46.900	490.000
19950817 17 36 50.700	520.000
19950817 20 55 59.000	580.000
19950817 22 23 57.600	570.000
19950818 04 49 43.700	460.000
19950818 14 18 42.600	450.000
19950818 21 37 52.100	530.000
19950819 02 32 52.100	530.000
19950819 17 57 57.600	570.000
19950819 21 43 57.600	570.000
19950820 01 50 50.700	520.000
19950820 05 12 54.900	550.000
19950820 08 51 54.900	550.000
19950820 11 45 50.700	520.000
19950820 19 47 50.700	520.000
19950820 21 44 48.000	500.000
19950821 01 19 48.000	500.000
19950821 04 50 56.200	560.000
19950821 07 20 56.200	560.000
19950821 10 17 53.500	540.000
19950821 11 42 57.600	570.000
19950821 13 39 56.200	560.000
19950821 14 48 61.700	600.000
19950821 16 13 57.600	570.000
19950821 18 07 56.200	560.000
19950821 20 08 60.300	590.000
19950822 08 12 57.600	570.000
19950822 10 50 63.300	610.000
19950822 12 34 74.300	680.000
19950822 14 00 72.800	670.000
19950822 19 20 92.800	790.000
19950822 22 47 87.700	760.000
19950823 04 16 66.400	630.000
19950823 06 38 71.200	660.000
19950823 10 23 71.200	660.000
19950823 11 42 77.500	700.000
19950823 13 23 72.800	670.000
19950823 20 15 74.300	680.000
19950823 21 24 63.300	610.000
19950823 23 15 66.400	630.000
19950824 00 46 72.800	670.000
19950824 02 09 64.900	620.000
19950824 09 50 64.900	620.000
19950824 15 04 64.900	620.000
19950824 17 55 56.200	560.000
19950824 19 35 61.700	600.000
19950825 03 47 52.100	530.000
19950825 14 51 53.500	540.000
19950825 16 33 61.700	600.000
19950825 22 56 69.600	650.000
19950826 03 35 72.800	670.000
19950826 11 12 59.000	580.000
19950826 14 00 69.600	650.000
19950826 15 54 69.600	650.000
19950826 21 24 61.700	600.000
19950827 00 21 50.700	520.000
19950827 02 22 59.000	580.000
19950827 06 40 46.900	490.000
19950827 21 20 49.400	510.000
19950828 00 11 45.800	480.000
19950828 06 21 46.900	490.000
19950828 13 35 43.700	460.000
19950828 15 59 39.400	420.000
19950828 19 39 40.400	430.000
19950829 00 40 41.500	440.000
19950829 03 54 40.400	430.000
19950829 06 28 44.800	470.000
19950829 12 59 38.300	410.000
19950829 14 32 39.400	420.000
19950829 17 22 44.800	470.000
19950829 23 28 44.800	470.000
19950830 02 02 40.400	430.000
19950830 09 11 41.500	440.000
19950830 10 33 39.400	420.000
19950830 11 57 39.400	420.000
19950830 17 49 50.700	520.000
19950830 21 20 43.700	460.000
19950831 05 21 45.800	480.000
19950831 11 31 44.800	470.000
19950831 18 30 53.500	540.000
19950831 21 50 46.900	490.000
19950901 01 36 48.000	500.000
19950901 04 14 42.600	450.000
19950901 07 58 42.600	450.000
19950901 12 34 48.000	500.000
19950901 14 26 54.900	550.000
19950901 16 22 53.500	540.000
19950901 18 01 56.200	560.000
19950901 21 04 54.900	550.000
19950902 00 31 48.000	500.000
19950902 09 11 49.400	510.000
19950902 13 13 68.000	640.000
19950902 17 28 54.900	550.000
19950902 19 29 60.300	590.000
19950902 21 41 60.300	590.000
19950903 01 46 52.100	530.000
19950903 05 32 50.700	520.000
19950903 22 30 52.100	530.000
19950904 00 36 49.400	510.000
19950904 02 51 49.400	510.000
19950904 04 49 52.100	530.000
19950904 07 55 53.500	540.000
19950904 10 47 46.900	490.000
19950904 23 44 52.100	530.000
19950905 01 46 52.100	530.000
19950905 12 40 43.700	460.000
19950905 13 32 45.800	480.000
19950905 17 29 45.800	480.000
19950905 19 17 42.600	450.000
19950906 01 10 42.600	450.000
19950906 04 53 40.400	430.000
19950906 11 52 40.400	430.000
19950906 14 42 46.900	490.000
19950906 18 14 49.400	510.000
19950907 02 55 42.600	450.000
19950907 08 49 43.700	460.000
19950907 13 20 60.300	590.000
19950907 15 11 59.000	580.000
19950907 19 30 49.400	510.000
19950908 05 19 40.400	430.000
19950908 12 37 42.600	450.000
19950908 14 51 46.900	490.000
19950908 20 16 48.000	500.000
19950908 21 44 56.200	560.000
19950908 23 15 49.400	510.000
19950909 07 40 45.800	480.000
19950909 10 22 57.600	570.000
19950909 16 23 54.900	550.000
19950909 21 57 53.500	540.000
19950910 00 43 46.900	490.000
19950910 04 29 48.000	500.000
19950910 11 09 42.600	450.000
19950911 07 59 44.800	470.000
19950911 11 00 43.700	460.000
19950911 12 21 45.800	480.000
19950911 17 51 44.800	470.000
19950911 19 47 49.400	510.000
19950912 02 25 46.900	490.000
19950912 12 31 61.700	600.000
19950912 16 20 61.700	600.000
19950912 18 08 66.400	630.000
19950913 01 16 63.300	610.000
19950913 03 37 132.000	1010.000
19950913 07 04 126.000	980.000
19950913 11 06 148.000	1090.000
19950913 12 47 144.000	1070.000
19950913 14 39 158.000	1140.000
19950913 15 37 154.000	1120.000
19950913 18 04 154.000	1120.000
19950913 20 05 134.000	1020.000
19950913 21 20 173.000	1210.000
19950913 23 39 126.000	980.000
19950914 06 02 98.000	820.000
19950914 07 59 114.000	910.000
19950914 11 58 112.000	900.000
19950914 15 17 103.000	850.000
19950914 16 43 126.000	980.000
19950914 21 27 89.400	770.000
19950914 23 47 71.200	660.000
19950915 03 18 68.000	640.000
19950915 05 26 77.500	700.000
19950915 11 49 80.900	720.000
19950915 14 18 74.300	680.000
19950915 16 58 72.800	670.000
19950915 18 57 77.500	700.000
19950915 21 14 77.500	700.000
19950915 23 45 69.600	650.000
19950916 06 24 84.300	740.000
19950916 08 32 86.000	750.000
19950916 13 42 68.000	640.000
19950916 19 59 68.000	640.000
19950917 03 27 50.700	520.000
19950917 06 56 52.100	530.000
19950917 09 41 57.600	570.000
19950917 20 29 56.200	560.000
19950917 21 27 68.000	640.000
19950918 02 25 71.200	660.000
19950918 08 19 59.000	580.000
19950918 17 02 60.300	590.000
19950918 21 18 114.000	910.000
19950918 23 22 114.000	910.000
19950919 03 11 121.000	950.000
19950919 06 11 119.000	940.000
