0.000000000000000000e+00 4.478840501133880281e+01
4.914219775330886525e-02 4.607123163998963378e+01
9.828439550661773050e-02 4.778504340718191656e+01
1.474265932599266027e-01 4.974513239639788509e+01
1.965687910132354610e-01 5.286759388500419021e+01
2.457109887665443193e-01 5.678777186343613437e+01
2.948531865198532054e-01 6.150566633169373887e+01
3.439953842731620637e-01 6.641134188512104686e+01
3.931375820264709220e-01 7.027181004861442659e+01
4.422797797797797803e-01 7.308707082217389939e+01
4.914219775330886386e-01 7.485712420579943682e+01
5.405641752863975524e-01 7.558197019949105311e+01
5.897063730397064107e-01 7.526160880324876246e+01
6.388485707930152691e-01 7.389604001707252223e+01
6.879907685463241274e-01 7.173115237608546124e+01
7.371329662996329857e-01 6.982746447622164965e+01
7.862751640529418440e-01 6.798577299208274383e+01
8.354173618062507023e-01 6.606903249571423942e+01
8.845595595595595606e-01 6.456469915639046064e+01
9.337017573128684189e-01 6.350748891791827333e+01
9.828439550661772772e-01 6.289740178029767037e+01
1.031986152819486247e+00 6.300605328573242758e+01
1.081128350572795105e+00 6.363000905422601505e+01
1.130270548326103963e+00 6.496847241117676219e+01
1.179412746079412821e+00 6.690517033486733567e+01
1.228554943832721680e+00 6.865690653072884686e+01
1.277697141586030538e+00 7.018896505495447968e+01
1.326839339339339396e+00 7.150134590754420572e+01
1.375981537092648255e+00 7.232243354629426335e+01
1.425123734845957113e+00 7.257309216415215758e+01
1.474265932599265971e+00 7.183918851598647848e+01
1.523408130352574830e+00 7.037404105146907796e+01
1.572550328105883688e+00 6.848784307732555021e+01
1.621692525859192546e+00 6.653580610390797290e+01
1.670834723612501405e+00 6.515994705450671631e+01
1.719976921365810263e+00 6.439642370273270444e+01
1.769119119119119121e+00 6.371116376516965829e+01
1.818261316872427980e+00 6.317764559126260338e+01
1.867403514625736838e+00 6.279586918101158233e+01
1.916545712379045696e+00 6.255138135298548008e+01
1.965687910132354554e+00 6.208897059683223318e+01
2.014830107885663413e+00 6.089691972242841445e+01
2.063972305638972493e+00 5.909818313839770809e+01
2.113114503392281129e+00 5.765601618091443470e+01
2.162256701145590210e+00 5.691107374566495025e+01
2.211398898898898846e+00 5.686335583264921922e+01
2.260541096652207926e+00 5.751286244186725582e+01
2.309683294405516563e+00 5.885959357331906006e+01
2.358825492158825643e+00 6.077324949383772434e+01
2.407967689912134279e+00 6.204850130277075948e+01
2.457109887665443360e+00 6.221847750202379501e+01
2.506252085418751996e+00 6.176002995720280353e+01
2.555394283172061076e+00 6.067315866830777793e+01
2.604536480925369712e+00 5.895786363533868979e+01
2.653678678678678793e+00 5.661414485829557464e+01
2.702820876431987429e+00 5.400022320295591527e+01
2.751963074185296509e+00 5.250134303201714658e+01
2.801105271938605146e+00 5.217656323674140850e+01
2.850247469691914226e+00 5.225315830707939568e+01
2.899389667445222862e+00 5.252431036832525280e+01
2.948531865198531943e+00 5.299001942047899405e+01
2.997674062951840579e+00 5.365028546354063366e+01
3.046816260705149659e+00 5.459428795778467958e+01
3.095958458458458296e+00 5.558420988566381737e+01
3.145100656211767376e+00 5.633468313323851362e+01
3.194242853965076456e+00 5.698056689822340815e+01
3.243385051718385093e+00 5.772867905532432786e+01
3.292527249471694173e+00 5.857901960454127988e+01
3.341669447225002809e+00 5.919188598617170527e+01
3.390811644978311890e+00 5.897195768506692559e+01
3.439953842731620526e+00 5.781802407449465875e+01
3.489096040484929606e+00 5.606088121735179897e+01
3.538238238238238242e+00 5.446029341150085656e+01
3.587380435991547323e+00 5.342605953476697067e+01
3.636522633744855959e+00 5.242079483128799211e+01
3.685664831498165039e+00 5.202320900370216350e+01
3.734807029251473676e+00 5.251833747604671032e+01
3.783949227004782756e+00 5.543285667450301446e+01
3.833091424758091392e+00 5.853798859213492989e+01
3.882233622511400473e+00 6.100216379490661467e+01
3.931375820264709109e+00 6.241558340499290125e+01
3.980518018018018189e+00 6.331563217825595302e+01
4.029660215771326826e+00 6.550461939080638274e+01
4.078802413524635462e+00 6.925226632402289795e+01
4.127944611277944986e+00 7.238226649087026487e+01
4.177086809031253622e+00 7.599510613957592398e+01
4.226229006784562259e+00 8.016982072388169911e+01
4.275371204537870895e+00 8.433777991173084843e+01
4.324513402291180419e+00 8.849898370312332929e+01
4.373655600044489056e+00 9.075492594472564178e+01
4.422797797797797692e+00 9.121396864837274165e+01
4.471939995551106328e+00 8.962885608482882560e+01
4.521082193304415853e+00 8.718381063857184188e+01
4.570224391057724489e+00 8.433253575412852854e+01
4.619366588811033125e+00 8.164366176355565585e+01
4.668508786564341762e+00 7.914481675952195872e+01
4.717650984317651286e+00 7.699431854980043965e+01
4.766793182070959922e+00 7.467696860623691180e+01
4.815935379824268558e+00 7.261735404662235283e+01
4.865077577577578083e+00 7.044766192977574804e+01
4.914219775330886719e+00 6.838214989644311004e+01
4.963361973084195355e+00 6.654756255723997072e+01
5.012504170837503992e+00 6.491627181949762360e+01
5.061646368590813516e+00 6.318714960973024830e+01
5.110788566344122152e+00 6.196746447269818248e+01
5.159930764097430789e+00 6.155003253401089580e+01
5.209072961850739425e+00 6.189298541462426329e+01
5.258215159604048949e+00 6.248214615842584863e+01
5.307357357357357586e+00 6.319077015480006310e+01
5.356499555110666222e+00 6.401885740374690670e+01
5.405641752863974858e+00 6.496640790526639364e+01
5.454783950617284383e+00 6.542615311459819338e+01
5.503926148370593019e+00 6.557757557843150664e+01
5.553068346123901655e+00 6.572899804226480569e+01
5.602210543877210291e+00 6.588042050609811895e+01
5.651352741630519816e+00 6.566822032729467651e+01
5.700494939383828452e+00 6.481660073904487263e+01
5.749637137137137088e+00 6.332556174134871441e+01
5.798779334890445725e+00 6.135693024047755273e+01
5.847921532643755249e+00 5.936666695905878299e+01
5.897063730397063885e+00 5.766849325391721237e+01
5.946205928150372522e+00 5.615757983324142089e+01
5.995348125903681158e+00 5.488678109060805355e+01
6.044490323656990682e+00 5.421303273908193177e+01
6.093632521410299319e+00 5.415707201645454205e+01
6.142774719163607955e+00 5.455707201645453353e+01
6.191916916916916591e+00 5.495707201645453921e+01
6.241059114670226116e+00 5.504335065962972351e+01
6.290201312423534752e+00 5.492073723779149930e+01
6.339343510176843388e+00 5.489999999999999147e+01
6.388485707930152913e+00 5.515052767052766569e+01
6.437627905683461549e+00 5.576498841698842313e+01
6.486770103436770185e+00 5.656030021882840231e+01
6.535912301190078821e+00 5.739760891370386986e+01
6.585054498943388346e+00 5.827691450161479736e+01
6.634196696696696982e+00 5.919821698256119191e+01
6.683338894450005618e+00 6.016151635654306773e+01
6.732481092203314255e+00 6.169766107268777944e+01
6.781623289956623779e+00 6.365776743992457654e+01
6.830765487709932415e+00 6.551027820184917516e+01
6.879907685463241052e+00 6.739404752080535843e+01
6.929049883216549688e+00 6.890929692744941804e+01
6.978192080969859212e+00 7.031656587507444556e+01
7.027334278723167849e+00 7.253329099563322302e+01
7.076476476476476485e+00 7.406769586054656429e+01
7.125618674229785121e+00 7.491130051021853831e+01
7.174760871983094646e+00 7.545038006192747559e+01
7.223903069736403282e+00 7.528601701909651922e+01
7.273045267489711918e+00 7.521696338797391945e+01
7.322187465243020554e+00 7.493597014983781435e+01
7.371329662996330079e+00 7.298496456431610113e+01
7.420471860749638715e+00 7.095511700396005494e+01
7.469614058502947351e+00 6.889038571403102651e+01
7.518756256256255988e+00 6.711913485420873826e+01
7.567898454009565512e+00 6.637039929118746784e+01
7.617040651762874148e+00 6.633173664617274312e+01
7.666182849516182785e+00 6.644775597184889193e+01
7.715325047269491421e+00 6.720161051888779014e+01
7.764467245022800945e+00 6.748933363491279636e+01
7.813609442776109582e+00 6.695188354538721853e+01
7.862751640529418218e+00 6.558926025031108509e+01
7.911893838282727742e+00 6.307134637956701084e+01
7.961036036036036379e+00 5.969588487687438771e+01
8.010178233789345015e+00 5.628250258634045622e+01
8.059320431542653651e+00 5.378005889825236352e+01
8.108462629295962287e+00 5.281519320412632368e+01
8.157604827049270924e+00 5.374694727849901454e+01
8.206747024802581336e+00 5.657532112137044322e+01
8.255889222555889972e+00 6.074651198878773073e+01
8.305031420309198609e+00 6.494649336975462006e+01
8.354173618062507245e+00 6.918570206189228600e+01
8.403315815815815881e+00 7.217082740485584225e+01
8.452458013569124518e+00 7.349842659587848459e+01
8.501600211322433154e+00 7.316849963496018461e+01
8.550742409075741790e+00 7.118104652210097072e+01
8.599884606829052203e+00 6.817912839752735010e+01
8.649026804582360839e+00 6.522008635018900691e+01
8.698169002335669475e+00 6.219427706751697826e+01
8.747311200088978111e+00 5.962012764798941333e+01
8.796453397842286748e+00 5.749763809160631212e+01
8.845595595595595384e+00 5.627720335382449690e+01
8.894737793348904020e+00 5.612192021292633370e+01
8.943879991102212657e+00 5.643401050427589638e+01
8.993022188855523069e+00 5.705312252635089010e+01
9.042164386608831705e+00 5.786093646273625524e+01
9.091306584362140342e+00 5.874095934275914033e+01
9.140448782115448978e+00 5.935262975558786280e+01
9.189590979868757614e+00 5.932317209106017941e+01
9.238733177622066250e+00 5.870063850418227958e+01
9.287875375375374887e+00 5.799354876331643993e+01
9.337017573128683523e+00 5.723466589020207351e+01
9.386159770881993936e+00 5.642398988483916611e+01
9.435301968635302572e+00 5.556152074722770351e+01
9.484444166388611208e+00 5.498781988819939670e+01
9.533586364141919844e+00 5.462526796245962402e+01
9.582728561895228481e+00 5.489485028536262234e+01
9.631870759648537117e+00 5.521622574051417587e+01
9.681012957401845753e+00 5.523793911330114526e+01
9.730155155155156166e+00 5.467296653775231619e+01
9.779297352908464802e+00 5.446030031272839977e+01
9.828439550661773438e+00 5.599387572690151416e+01
9.877581748415082075e+00 5.927369278027168065e+01
9.926723946168390711e+00 6.160090002193676639e+01
9.975866143921699347e+00 6.336479050450194705e+01
1.002500834167500798e+01 6.491681944258034775e+01
1.007415053942831662e+01 6.654401070214319702e+01
1.012329273718162703e+01 6.752000210390174573e+01
1.017243493493493567e+01 6.718839724549185632e+01
1.022157713268824430e+01 6.554919612691348618e+01
1.027071933044155294e+01 6.466911595042601846e+01
1.031986152819486158e+01 6.461951118214655310e+01
1.036900372594817021e+01 6.513322317296697861e+01
1.041814592370147885e+01 6.555044497308034579e+01
1.046728812145478749e+01 6.563597889534710816e+01
1.051643031920809790e+01 6.465228605345932067e+01
1.056557251696140654e+01 6.259936644741695488e+01
1.061471471471471517e+01 5.947722007722003212e+01
1.066385691246802381e+01 5.554323868609578341e+01
1.071299911022133244e+01 5.141124381697516554e+01
1.076214130797464108e+01 4.932529465994819873e+01
1.081128350572794972e+01 4.930795878258242482e+01
1.086042570348125835e+01 5.030141333002604398e+01
1.090956790123456877e+01 5.178113395228764659e+01
1.095871009898787740e+01 5.374712064936723976e+01
1.100785229674118604e+01 5.606167527570953979e+01
1.105699449449449467e+01 5.837813493749167293e+01
1.110613669224780331e+01 5.923400194888095882e+01
1.115527889000111195e+01 5.875277239573686927e+01
1.120442108775442058e+01 5.799226913291121122e+01
1.125356328550773100e+01 5.747701651039538717e+01
1.130270548326103963e+01 5.720701452818939714e+01
1.135184768101434827e+01 5.718226318629325533e+01
1.140098987876765690e+01 5.740276248470694043e+01
1.145013207652096554e+01 5.774675786898009022e+01
1.149927427427427418e+01 5.792002448992473518e+01
1.154841647202758281e+01 5.761479843743354934e+01
1.159755866978089145e+01 5.683107971150655402e+01
1.164670086753420186e+01 5.556886831214371369e+01
1.169584306528751050e+01 5.416230256453186342e+01
1.174498526304081913e+01 5.275678239559562144e+01
1.179412746079412777e+01 5.135230780533498063e+01
1.184326965854743641e+01 5.011960755707845294e+01
1.189241185630074504e+01 4.944204812417410011e+01
1.194155405405405368e+01 4.935024646373689450e+01
1.199069625180736232e+01 4.984420257576687874e+01
1.203983844956067273e+01 5.058977813507722487e+01
1.208898064731398136e+01 5.129033421293826223e+01
1.213812284506729000e+01 5.194070251437039332e+01
1.218726504282059864e+01 5.263840913689970336e+01
1.223640724057390727e+01 5.349841291510075791e+01
1.228554943832721591e+01 5.449009689185855621e+01
1.233469163608052455e+01 5.543738676933711673e+01
1.238383383383383318e+01 5.622826935003100601e+01
1.243297603158714359e+01 5.684916629601046623e+01
1.248211822934045223e+01 5.710306069016888841e+01
1.253126042709376087e+01 5.689242643498018737e+01
1.258040262484706950e+01 5.602670213262906884e+01
1.262954482260037814e+01 5.458059990525521954e+01
1.267868702035368678e+01 5.310206168356830858e+01
1.272782921810699541e+01 5.170310066507376234e+01
1.277697141586030583e+01 5.054853418950641242e+01
1.282611361361361446e+01 4.984054746895245813e+01
1.287525581136692310e+01 4.964808338770949092e+01
1.292439800912023173e+01 5.011747504480740645e+01
1.297354020687354037e+01 5.109674427655477302e+01
1.302268240462684901e+01 5.202050595298895530e+01
1.307182460238015764e+01 5.288876007410993196e+01
1.312096680013346628e+01 5.370150663991771722e+01
1.317010899788677669e+01 5.445874565041231108e+01
1.321925119564008533e+01 5.509153422129612920e+01
1.326839339339339396e+01 5.545353925353926172e+01
1.331753559114670260e+01 5.562202678869345363e+01
1.336667778890001124e+01 5.606473412187697392e+01
1.341581998665331987e+01 5.659544101925053639e+01
1.346496218440662851e+01 5.710207826874493264e+01
1.351410438215993715e+01 5.732671867675726673e+01
1.356324657991324756e+01 5.686608970433935895e+01
1.361238877766655619e+01 5.572019135149121638e+01
1.366153097541986483e+01 5.432537546615484558e+01
1.371067317317317347e+01 5.253352860268007873e+01
1.375981537092648210e+01 5.053087099490618783e+01
1.380895756867979074e+01 4.914651269374790132e+01
1.385809976643309938e+01 4.889352096843187212e+01
1.390724196418640801e+01 5.017516835790629415e+01
1.395638416193971842e+01 5.281263787375418417e+01
1.400552635969302706e+01 5.567495527421111490e+01
1.405466855744633570e+01 5.826246923335298789e+01
1.410381075519964433e+01 6.054215697685265241e+01
1.415295295295295297e+01 6.187315067080017883e+01
1.420209515070626161e+01 6.216321441501775524e+01
1.425123734845957024e+01 6.141234820950539586e+01
1.430037954621288065e+01 5.998763926410678948e+01
1.434952174396618929e+01 5.859778980874009591e+01
1.439866394171949793e+01 5.761634481695027432e+01
1.444780613947280656e+01 5.707632706306445414e+01
1.449694833722611520e+01 5.690156354214708756e+01
1.454609053497942384e+01 5.685641665256554944e+01
1.459523273273273247e+01 5.663695753709586000e+01
1.464437493048604111e+01 5.605491597431127815e+01
1.469351712823935152e+01 5.509621212811607904e+01
1.474265932599266016e+01 5.376084599851026269e+01
1.479180152374596879e+01 5.218297011165584109e+01
1.484094372149927743e+01 5.074190128002096856e+01
1.489008591925258607e+01 4.951037292979228965e+01
1.493922811700589470e+01 4.879231391819378416e+01
1.498837031475920334e+01 4.858772424522545919e+01
1.503751251251251198e+01 4.889342040393022160e+01
1.508665471026582239e+01 4.954091935601370267e+01
1.513579690801913102e+01 5.039606857531385486e+01
1.518493910577243966e+01 5.107955124936257363e+01
1.523408130352574830e+01 5.159136737815983764e+01
1.528322350127905693e+01 5.189598374711484041e+01
1.533236569903236557e+01 5.175370785894346426e+01
1.538150789678567421e+01 5.116772322060279521e+01
1.543065009453898284e+01 5.043620401633136652e+01
1.547979229229229325e+01 4.973105074069077602e+01
1.552893449004560189e+01 4.905226339368105926e+01
1.557807668779891053e+01 4.839984197530218779e+01
1.562721888555221916e+01 4.780931970014498944e+01
1.567636108330552780e+01 4.752038906549357478e+01
1.572550328105883644e+01 4.753305007134794380e+01
1.577464547881214507e+01 4.771761157176393908e+01
1.582378767656545548e+01 4.790217307217994147e+01
1.587292987431876412e+01 4.808673457259593675e+01
1.592207207207207276e+01 4.827129607301193204e+01
1.597121426982538139e+01 4.845585757342792732e+01
1.602035646757869003e+01 4.864041907384392260e+01
1.606949866533199867e+01 4.882498057425992499e+01
1.611864086308530730e+01 4.900954207467590606e+01
1.616778306083861594e+01 4.919410357509190135e+01
1.621692525859192457e+01 4.937866507550790374e+01
1.626606745634523321e+01 4.956322657592389902e+01
1.631520965409854185e+01 4.974778807633988720e+01
1.636435185185185048e+01 4.993234957675588248e+01
1.641349404960516267e+01 5.011691107717189198e+01
1.646263624735847131e+01 5.063377323256471385e+01
1.651177844511177994e+01 5.154591163272765897e+01
1.656092064286508858e+01 5.283669931002872033e+01
1.661006284061839722e+01 5.394029204786992437e+01
1.665920503837170585e+01 5.469717319010246825e+01
1.670834723612501449e+01 5.506365056868185803e+01
1.675748943387832313e+01 5.503972418360812213e+01
1.680663163163163176e+01 5.429309337990439133e+01
1.685577382938494040e+01 5.276078256777741160e+01
1.690491602713824904e+01 5.057320412475080929e+01
1.695405822489155767e+01 4.852691132292198262e+01
1.700320042264486631e+01 4.678142081843970601e+01
1.705234262039817494e+01 4.538042477934847341e+01
1.710148481815148358e+01 4.432392320564827060e+01
1.715062701590479222e+01 4.361191609733912600e+01
1.719976921365810441e+01 4.324440345442103251e+01
1.724891141141141304e+01 4.310759986700232105e+01
1.729805360916472168e+01 4.303980374039144152e+01
1.734719580691803031e+01 4.321031612017237222e+01
1.739633800467133895e+01 4.361913700634512736e+01
1.744548020242464759e+01 4.426626639890972825e+01
1.749462240017795622e+01 4.515170429786611805e+01
1.754376459793126486e+01 4.627545070321434650e+01
1.759290679568457350e+01 4.761870940253631090e+01
1.764204899343788213e+01 4.891250401068170817e+01
1.769119119119119077e+01 4.998753348206652447e+01
1.774033338894449940e+01 5.084379781669076692e+01
1.778947558669780804e+01 5.148129701455442131e+01
1.783861778445111668e+01 5.195516180484229096e+01
1.788775998220442531e+01 5.227037052496512359e+01
1.793690217995773750e+01 5.244571938734101479e+01
1.798604437771104614e+01 5.268117731631246414e+01
1.803518657546435477e+01 5.297674431187946453e+01
1.808432877321766341e+01 5.333242037404200886e+01
1.813347097097097205e+01 5.374820550280012554e+01
1.818261316872428068e+01 5.416896896896898994e+01
1.823175536647758932e+01 5.458973243513786144e+01
1.828089756423089796e+01 5.501049590130672584e+01
1.833003976198420659e+01 5.543125936747559734e+01
1.837918195973751523e+01 5.585202283364446885e+01
1.842832415749082386e+01 5.627278629981333324e+01
1.847746635524413250e+01 5.664271545676951547e+01
1.852660855299744114e+01 5.695253554713014665e+01
1.857575075075074977e+01 5.720224657089522680e+01
1.862489294850405841e+01 5.720771494393115120e+01
1.867403514625736705e+01 5.687067004165152895e+01
1.872317734401067923e+01 5.619111186405636715e+01
1.877231954176398787e+01 5.524863600236188432e+01
1.882146173951729651e+01 5.450707775387294163e+01
1.887060393727060514e+01 5.397571187597241504e+01
1.891974613502391378e+01 5.358999759025812182e+01
1.896888833277722242e+01 5.338841688867743329e+01
1.901803053053053105e+01 5.346924039581673327e+01
1.906717272828383969e+01 5.378066458401043803e+01
1.911631492603714833e+01 5.405088095948458005e+01
1.916545712379045696e+01 5.386688853414699452e+01
1.921459932154376560e+01 5.341254012633322645e+01
1.926374151929707423e+01 5.281254012633321793e+01
1.931288371705038287e+01 5.221254012633322361e+01
1.936202591480369151e+01 5.161254012633322219e+01
1.941116811255700014e+01 5.106434365399881870e+01
1.946031031031031233e+01 5.076016361188774084e+01
1.950945250806362097e+01 5.069999999999999574e+01
1.955859470581692960e+01 5.048020658020657692e+01
1.960773690357023824e+01 5.009449229449229080e+01
1.965687910132354688e+01 4.970877800877800468e+01
1.970602129907685551e+01 4.932306372306371856e+01
1.975516349683016415e+01 4.903578124762957202e+01
1.980430569458347279e+01 4.914137018118058364e+01
1.985344789233678142e+01 4.963983052371673210e+01
1.990259009009009006e+01 5.064533822922444273e+01
1.995173228784339869e+01 5.181676680065302065e+01
2.000087448559670733e+01 5.296519731349031446e+01
2.005001668335001597e+01 5.395941889584749163e+01
2.009915888110332460e+01 5.470099973744440547e+01
2.014830107885663324e+01 5.531133715040799359e+01
2.019744327660994188e+01 5.574455243954745498e+01
2.024658547436325406e+01 5.576954837565450163e+01
2.029572767211656270e+01 5.640884813089628835e+01
2.034486986986987134e+01 5.681853809147360579e+01
2.039401206762317997e+01 5.711912811269995416e+01
2.044315426537648861e+01 5.745265665254591170e+01
2.049229646312979725e+01 5.786710211822131811e+01
2.054143866088310588e+01 5.829568534445646577e+01
2.059058085863641452e+01 5.880753373096723635e+01
2.063972305638972315e+01 5.866737804876454021e+01
2.068886525414303179e+01 5.874212997023891347e+01
2.073800745189634043e+01 5.904249051196564579e+01
2.078714964964964906e+01 5.942642121597420157e+01
2.083629184740295770e+01 5.943010676422278493e+01
2.088543404515626634e+01 5.916620501717186187e+01
2.093457624290957497e+01 5.890230327012094591e+01
2.098371844066288716e+01 5.863840152307002285e+01
2.103286063841619580e+01 5.840073491262736383e+01
2.108200283616950443e+01 5.856546941899591019e+01
2.113114503392281307e+01 5.913260504217566194e+01
2.118028723167612171e+01 6.068863969682909243e+01
2.122942942942943034e+01 6.289974270389444655e+01
2.127857162718273898e+01 6.509142010544755408e+01
2.132771382493604762e+01 6.795262601340760966e+01
2.137685602268935625e+01 7.145712529116637768e+01
2.142599822044266489e+01 7.522875195852088837e+01
2.147514041819597352e+01 7.926750601547117014e+01
2.152428261594928216e+01 8.243591473714077722e+01
2.157342481370259080e+01 8.473788682574918596e+01
2.162256701145589943e+01 8.684791623922060921e+01
2.167170920920920807e+01 8.779313829040766848e+01
2.172085140696251671e+01 8.745204251052005873e+01
2.176999360471582889e+01 8.582462889955777996e+01
2.181913580246913753e+01 8.291089745752084639e+01
2.186827800022244617e+01 7.931270874304311747e+01
2.191742019797575480e+01 7.630530975685253736e+01
2.196656239572906344e+01 7.387351750911827253e+01
2.201570459348237208e+01 7.197470436684010053e+01
2.206484679123568071e+01 7.073038079880835483e+01
2.211398898898898935e+01 7.014054680502302119e+01
2.216313118674229798e+01 7.090245406754586099e+01
2.221227338449560662e+01 7.211859261181159297e+01
2.226141558224891526e+01 7.268552579198831154e+01
2.231055778000222389e+01 7.296272629346067617e+01
2.235969997775553253e+01 7.327673232445697238e+01
2.240884217550884117e+01 7.362754388497728542e+01
2.245798437326214980e+01 7.401516097502154423e+01
2.250712657101546199e+01 7.374233191252801589e+01
2.255626876876877063e+01 7.283289059124851406e+01
2.260541096652207926e+01 7.161188669634887560e+01
2.265455316427538790e+01 7.063640773623771452e+01
2.270369536202869654e+01 7.031602798458195025e+01
2.275283755978200517e+01 6.954954515899281375e+01
2.280197975753531381e+01 6.826192806894853504e+01
2.285112195528862244e+01 6.693750544938028213e+01
2.290026415304193108e+01 6.639906763268163559e+01
2.294940635079523972e+01 6.647967655563289213e+01
2.299854854854854835e+01 6.627795501427171132e+01
2.304769074630185699e+01 6.538432873493115949e+01
2.309683294405516563e+01 6.489999999999999147e+01
2.314597514180847426e+01 6.489999999999999147e+01
2.319511733956178290e+01 6.489999999999999147e+01
2.324425953731509153e+01 6.489999999999999147e+01
2.329340173506840372e+01 6.489999999999999147e+01
2.334254393282171236e+01 6.461975710045884114e+01
2.339168613057502100e+01 6.382518383044697430e+01
2.344082832832832963e+01 6.265372522898837104e+01
2.348997052608163827e+01 6.203827549353862736e+01
2.353911272383494691e+01 6.144004102213342833e+01
2.358825492158825554e+01 6.064455285103550608e+01
2.363739711934156418e+01 5.965181098024486062e+01
2.368653931709487281e+01 5.874205830930264938e+01
2.373568151484818145e+01 5.814938230913843142e+01
2.378482371260149009e+01 5.773633794072821956e+01
2.383396591035479872e+01 5.657003100661639650e+01
2.388310810810810736e+01 5.535595006450137845e+01
2.393225030586141600e+01 5.436043751026124227e+01
2.398139250361472463e+01 5.358349334389596663e+01
2.403053470136803682e+01 5.302511756540557997e+01
2.407967689912134546e+01 5.268531017479006806e+01
2.412881909687465409e+01 5.256407117204944512e+01
2.417796129462796273e+01 5.266140055718369695e+01
2.422710349238127137e+01 5.281060337445880748e+01
2.427624569013458000e+01 5.295980619173390380e+01
2.432538788788788864e+01 5.340931490871252407e+01
2.437453008564119727e+01 5.465021351884100653e+01
2.442367228339450591e+01 5.611573374577242390e+01
2.447281448114781455e+01 5.776845910609631574e+01
2.452195667890112318e+01 5.960838959981271756e+01
2.457109887665443182e+01 6.163552522692158675e+01
2.462024107440774046e+01 6.384986598742297303e+01
2.466938327216104909e+01 6.590243442888028369e+01
2.471852546991435773e+01 6.725824670029447816e+01
2.476766766766766636e+01 6.848407107801251925e+01
2.481680986542097855e+01 6.961732404544480346e+01
2.486595206317428719e+01 7.041238017949402206e+01
2.491509426092759583e+01 7.069364804753165288e+01
2.496423645868090446e+01 7.046112764955769592e+01
2.501337865643421310e+01 6.976349053830520575e+01
2.506252085418752173e+01 6.864463657132687047e+01
2.511166305194083037e+01 6.710456574862267587e+01
2.516080524969413901e+01 6.526127739590013732e+01
2.520994744744744764e+01 6.418551172378406022e+01
2.525908964520075628e+01 6.405286016490296674e+01
2.530823184295406492e+01 6.438426628186708456e+01
2.535737404070737355e+01 6.498703953936681899e+01
2.540651623846068219e+01 6.565307187262745003e+01
2.545565843621399083e+01 6.638236328164897770e+01
2.550480063396729946e+01 6.705691444072392926e+01
2.555394283172061165e+01 6.685161056232479382e+01
2.560308502947392029e+01 6.558230931423015875e+01
2.565222722722722892e+01 6.352596022906750051e+01
2.570136942498053756e+01 6.087525384214642798e+01
2.575051162273384620e+01 5.912761971845170450e+01
2.579965382048715483e+01 5.800532429507104126e+01
2.584879601824046347e+01 5.665092215307202395e+01
2.589793821599377210e+01 5.506441329245465965e+01
2.594708041374708074e+01 5.342994004544038233e+01
2.599622261150038938e+01 5.226123022429412401e+01
2.604536480925369801e+01 5.174949847502704614e+01
2.609450700700700665e+01 5.060542329742914092e+01
2.614364920476031529e+01 4.910673825441269003e+01
2.619279140251362392e+01 4.811088876491010780e+01
2.624193360026693256e+01 4.761787482892134449e+01
2.629107579802024119e+01 4.762769644644644274e+01
2.634021799577355338e+01 4.782873270998270954e+01
2.638936019352686202e+01 4.802976897351897634e+01
2.643850239128017066e+01 4.823080523705523603e+01
2.648764458903347929e+01 4.843184150059149573e+01
2.653678678678678793e+01 4.863287776412776964e+01
2.658592898454009656e+01 4.878943097232571091e+01
2.663507118229340520e+01 4.870443835410940636e+01
2.668421338004671384e+01 4.837789990947885599e+01
2.673335557780002247e+01 4.799627604315904961e+01
2.678249777555333111e+01 4.761598724391753734e+01
2.683163997330663975e+01 4.723703351175434761e+01
2.688078217105994838e+01 4.685941484666945911e+01
2.692992436881325702e+01 4.652761430400120446e+01
2.697906656656656565e+01 4.638230739839840311e+01
2.702820876431987429e+01 4.637528858859035807e+01
2.707735096207318648e+01 4.632009746985210796e+01
2.712649315982649512e+01 4.616031355341605291e+01
2.717563535757980375e+01 4.589593683928220713e+01
2.722477755533311239e+01 4.552696732745057062e+01
2.727391975308642103e+01 4.496108042703663443e+01
2.732306195083972966e+01 4.411965274926744485e+01
2.737220414859303830e+01 4.318000424925027403e+01
2.742134634634634693e+01 4.236084515958426522e+01
2.747048854409965557e+01 4.166217548026943263e+01
2.751963074185296421e+01 4.108163254316235680e+01
2.756877293960627284e+01 4.061257198115355749e+01
2.761791513735958148e+01 4.034731838512753654e+01
2.766705733511289012e+01 4.042088240028438406e+01
2.771619953286619875e+01 4.070332156055860651e+01
2.776534173061950739e+01 4.088248907323126957e+01
2.781448392837281602e+01 4.095838493830238747e+01
2.786362612612612821e+01 4.102590181445714990e+01
2.791276832387943685e+01 4.134531035446370595e+01
2.796191052163274549e+01 4.187499556789448718e+01
2.801105271938605412e+01 4.219968004988497512e+01
2.806019491713936276e+01 4.232019185266403127e+01
2.810933711489267139e+01 4.232996753635144671e+01
2.815847931264598003e+01 4.222900710094721433e+01
2.820762151039928867e+01 4.192478055590954966e+01
2.825676370815259730e+01 4.132638279453175301e+01
2.830590590590590594e+01 4.065102893135180295e+01
2.835504810365921458e+01 4.046484910885483544e+01
2.840419030141252321e+01 4.076784332704085045e+01
2.845333249916583185e+01 4.128732023910087889e+01
2.850247469691914048e+01 4.197485377190294997e+01
2.855161689467244912e+01 4.283044392544707080e+01
2.860075909242576131e+01 4.369136952078127223e+01
2.864990129017906995e+01 4.438203043379512991e+01
2.869904348793237858e+01 4.455599467414592851e+01
2.874818568568568722e+01 4.412000572000571452e+01
2.879732788343899585e+01 4.350441833775165890e+01
2.884647008119230449e+01 4.291475211475211182e+01
2.889561227894561313e+01 4.235100705100705198e+01
2.894475447669892176e+01 4.181318314651647228e+01
2.899389667445223040e+01 4.130128040128039402e+01
2.904303887220553904e+01 4.101087806802092217e+01
2.909218106995884767e+01 4.091032171276073370e+01
2.914132326771215631e+01 4.075448052358621709e+01
2.919046546546546494e+01 4.060282352401254968e+01
2.923960766321877358e+01 4.074977533346437042e+01
2.928874986097208222e+01 4.119533595194167930e+01
2.933789205872539085e+01 4.193950537944443369e+01
2.938703425647870304e+01 4.298228361597268332e+01
2.943617645423201168e+01 4.437035674615655267e+01
2.948531865198532032e+01 4.560950903317614546e+01
2.953446084973862895e+01 4.648317793927988362e+01
2.958360304749193759e+01 4.674886743165855307e+01
2.963274524524524622e+01 4.673416298367705934e+01
2.968188744299855486e+01 4.643906459533542375e+01
2.973102964075186350e+01 4.586357226663363207e+01
2.978017183850517213e+01 4.508591086874679377e+01
2.982931403625848077e+01 4.468776353084025743e+01
2.987845623401178941e+01 4.466913025291403727e+01
2.992759843176509804e+01 4.495381083489191099e+01
2.997674062951840668e+01 4.516703308595200639e+01
3.002588282727171531e+01 4.530879700609430216e+01
3.007502502502502395e+01 4.537910259531880541e+01
3.012416722277833614e+01 4.537794985362552325e+01
3.017330942053164478e+01 4.533168775510257831e+01
3.022245161828495341e+01 4.545119534071351097e+01
3.027159381603826205e+01 4.576074422391911867e+01
3.032073601379157068e+01 4.630752112217637517e+01
3.036987821154487932e+01 4.709152603548530180e+01
3.041902040929818796e+01 4.811275896384589856e+01
3.046816260705149659e+01 4.926792867023181088e+01
3.051730480480480523e+01 5.009046638592225520e+01
3.056644700255811387e+01 5.036949306995370534e+01
3.061558920031142250e+01 5.024426687175243700e+01
3.066473139806473114e+01 4.995833928592305284e+01
3.071387359581803977e+01 4.951171031246555998e+01
3.076301579357134841e+01 4.883723998659797871e+01
3.081215799132465705e+01 4.771064910095644507e+01
3.086130018907796568e+01 4.657215745017363417e+01
3.091044238683127787e+01 4.574562506064125245e+01
3.095958458458458651e+01 4.511343984128789231e+01
3.100872678233789514e+01 4.443205029750896529e+01
3.105786898009120378e+01 4.385413674937609585e+01
3.110701117784451242e+01 4.349194855678064897e+01
3.115615337559782105e+01 4.367305616411282188e+01
3.120529557335112969e+01 4.439745957137260035e+01
3.125443777110443833e+01 4.571177631158218446e+01
3.130357996885774696e+01 4.743366149726046643e+01
3.135272216661105560e+01 4.903353846782709979e+01
3.140186436436436423e+01 5.061713988403721487e+01
3.145100656211767287e+01 5.219152006980966263e+01
3.150014875987098151e+01 5.349629618115502439e+01
3.154929095762429014e+01 5.453146821807332145e+01
3.159843315537759878e+01 5.475030367768257378e+01
3.164757535313091097e+01 5.422459562151475154e+01
3.169671755088421961e+01 5.348392071015016569e+01
3.174585974863752824e+01 5.253919536542482405e+01
3.179500194639083688e+01 5.143311875317334625e+01
3.184414414414414551e+01 5.042607371738514388e+01
3.189328634189745415e+01 4.951806025806020983e+01
3.194242853965076279e+01 4.888533331866663190e+01
3.199157073740407142e+01 4.861679866679865825e+01
3.204071293515738006e+01 4.871245630245630309e+01
3.208985513291069225e+01 4.919631534995166078e+01
3.213899733066399733e+01 5.042994928449469683e+01
3.218813952841730952e+01 5.241335810608529044e+01
3.223728172617061460e+01 5.514654181472355532e+01
3.228642392392392679e+01 5.737017473012118529e+01
3.233556612167723188e+01 5.904725237876743194e+01
3.238470831943054407e+01 6.017777476066235920e+01
3.243385051718384915e+01 6.082551258112753345e+01
3.248299271493716134e+01 6.114741500302991284e+01
3.253213491269046642e+01 6.084658678401992660e+01
3.258127711044377861e+01 5.976876646074504862e+01
3.263041930819708369e+01 5.890505557098369849e+01
3.267956150595039588e+01 5.822233225199789075e+01
3.272870370370370097e+01 5.772059650378755435e+01
3.277784590145701316e+01 5.713388486920784004e+01
3.282698809921032534e+01 5.603339284329348402e+01
3.287613029696363043e+01 5.471601566839418496e+01
3.292527249471694262e+01 5.334649017882940569e+01
3.297441469247024770e+01 5.225909153605046953e+01
3.302355689022355989e+01 5.152394607630618140e+01
3.307269908797686497e+01 5.114105379959649156e+01
3.312184128573017716e+01 5.101926893076987568e+01
3.317098348348348225e+01 5.097401045185177537e+01
3.322012568123679443e+01 5.100527836284221195e+01
3.326926787899009952e+01 5.110259729277411367e+01
3.331841007674341171e+01 5.119991622270600828e+01
3.336755227449671679e+01 5.129723515263791711e+01
3.341669447225002898e+01 5.139455408256980462e+01
3.346583667000333406e+01 5.149187301250169213e+01
3.351497886775664625e+01 5.158919194243360096e+01
3.356412106550995844e+01 5.168651087236548847e+01
3.361326326326326353e+01 5.178382980229738308e+01
3.366240546101657571e+01 5.170797603063952153e+01
3.371154765876988080e+01 5.140159272379310806e+01
3.376068985652319299e+01 5.107494831345518094e+01
3.380983205427649807e+01 5.074895522017495608e+01
3.385897425202981026e+01 5.064037281833891058e+01
3.390811644978311534e+01 5.068782273355611778e+01
3.395725864753642753e+01 5.079746108940567950e+01
3.400640084528973262e+01 5.114246058747738743e+01
3.405554304304304480e+01 5.142428871365768828e+01
3.410468524079634989e+01 5.132456207672172610e+01
3.415382743854966208e+01 5.097562493168701536e+01
3.420296963630296716e+01 5.046302961740333615e+01
3.425211183405627935e+01 4.984815450826160088e+01
3.430125403180958443e+01 4.922484348068272908e+01
3.435039622956289662e+01 4.859309653466666390e+01
3.439953842731620881e+01 4.830880301792575438e+01
3.444868062506951389e+01 4.848007788998781820e+01
3.449782282282282608e+01 4.895366447528611786e+01
3.454696502057613117e+01 4.942725106058441753e+01
3.459610721832944336e+01 4.990083764588271009e+01
3.464524941608274844e+01 5.037442423118101686e+01
3.469439161383606063e+01 5.082390073471156455e+01
3.474353381158936571e+01 5.120572201177093774e+01
3.479267600934267790e+01 5.143778210318895106e+01
3.484181820709598298e+01 5.147234336306280511e+01
3.489096040484929517e+01 5.130940579139252833e+01
3.494010260260260026e+01 5.094896938817809939e+01
3.498924480035591245e+01 5.039103415341950409e+01
3.503838699810921753e+01 4.965971016888450862e+01
3.508752919586252972e+01 4.879854257927654970e+01
3.513667139361584191e+01 4.788963734376579851e+01
3.518581359136914699e+01 4.698073210825504731e+01
3.523495578912245918e+01 4.628193276197860939e+01
3.528409798687576426e+01 4.585356953636767940e+01
3.533324018462907645e+01 4.555504991582971996e+01
3.538238238238238154e+01 4.538637390036470975e+01
3.543152458013569372e+01 4.525573327964595194e+01
3.548066677788899881e+01 4.495540286817042386e+01
3.552980897564231100e+01 4.471911481078144845e+01
3.557895117339561608e+01 4.440256446923113032e+01
3.562809337114892827e+01 4.394542161208827480e+01
3.567723556890223335e+01 4.348827875494540507e+01
3.572637776665554554e+01 4.303113589780254955e+01
3.577551996440885063e+01 4.258681682132932167e+01
3.582466216216216282e+01 4.234229860866630446e+01
3.587380435991547500e+01 4.206384911497018919e+01
3.592294655766878009e+01 4.174956340068446536e+01
3.597208875542209228e+01 4.143527768639875575e+01
3.602123095317539736e+01 4.112099197211303903e+01
3.607037315092870955e+01 4.080670625782732941e+01
3.611951534868201463e+01 4.057140497319869610e+01
3.616865754643532682e+01 4.043583622058958582e+01
3.621779974418863191e+01 4.067816682228447434e+01
3.626694194194194409e+01 4.134286387227562898e+01
3.631608413969524918e+01 4.230926457216690295e+01
3.636522633744856137e+01 4.339487815070499721e+01
3.641436853520186645e+01 4.459970460788995439e+01
3.646351073295517864e+01 4.584300093410373478e+01
3.651265293070848372e+01 4.695435308691462239e+01
3.656179512846179591e+01 4.765559424403812727e+01
3.661093732621510810e+01 4.783836100005204628e+01
3.666007952396841318e+01 4.758747993276292476e+01
3.670922172172172537e+01 4.708544181342409018e+01
3.675836391947503046e+01 4.633224664203549992e+01
3.680750611722834265e+01 4.540863742821516524e+01
3.685664831498164773e+01 4.464169796896951681e+01
3.690579051273495992e+01 4.403811561340976510e+01
3.695493271048826500e+01 4.359789036153589592e+01
3.700407490824157719e+01 4.332102221334793057e+01
3.705321710599488227e+01 4.320751116884584775e+01
3.710235930374819446e+01 4.381965536121610683e+01
3.715150150150149955e+01 4.518298204807263119e+01
3.720064369925481174e+01 4.714082147484064933e+01
3.724978589700811682e+01 4.959281852566194715e+01
3.729892809476142901e+01 5.189500599987568563e+01
3.734807029251473409e+01 5.390425912166727329e+01
3.739721249026804628e+01 5.550739344348927773e+01
3.744635468802135847e+01 5.614211083215531772e+01
3.749549688577466355e+01 5.578288403005139173e+01
3.754463908352797574e+01 5.462757074765868737e+01
3.759378128128128083e+01 5.279221616562703190e+01
3.764292347903459302e+01 5.092078748461729987e+01
3.769206567678789810e+01 4.915640948044405434e+01
3.774120787454121029e+01 4.761226660065475613e+01
3.779035007229451537e+01 4.628835884524932709e+01
3.783949227004782756e+01 4.518468621422783826e+01
3.788863446780113264e+01 4.410339099710920152e+01
3.793777666555444483e+01 4.314012183595336580e+01
3.798691886330774992e+01 4.238210048548911146e+01
3.803606106106106211e+01 4.182932694571648824e+01
3.808520325881436719e+01 4.148180121663544639e+01
3.813434545656767938e+01 4.133952329824601435e+01
3.818348765432099157e+01 4.140249319054816368e+01
3.823262985207429665e+01 4.177619872698588921e+01
3.828177204982760884e+01 4.251075032641855245e+01
3.833091424758091392e+01 4.337617735895061344e+01
3.838005644533422611e+01 4.422504325630966093e+01
3.842919864308753120e+01 4.505734801849570204e+01
3.847834084084084338e+01 4.587309164550873675e+01
3.852748303859414847e+01 4.667227413734876507e+01
3.857662523634746066e+01 4.816572368788779102e+01
3.862576743410076574e+01 4.916380060451483303e+01
3.867490963185407793e+01 4.947746660170558641e+01
3.872405182960738301e+01 4.968485071305008915e+01
3.877319402736069520e+01 4.978595293854834836e+01
3.882233622511400029e+01 4.978077327820036402e+01
3.887147842286731247e+01 4.966931173200613614e+01
3.892062062062062466e+01 4.863525227264972273e+01
3.896976281837392975e+01 4.770009811791987886e+01
3.901890501612724194e+01 4.738433306549427471e+01
3.906804721388054702e+01 4.787698690011365699e+01
3.911718941163385921e+01 4.917805962177794044e+01
3.916633160938716429e+01 5.052094552899558977e+01
3.921547380714047648e+01 5.186028802703754081e+01
3.926461600489378156e+01 5.319608711590374384e+01
3.931375820264709375e+01 5.452834279559422015e+01
3.936290040040039884e+01 5.566835842912239229e+01
3.941204259815371103e+01 5.602442013350964345e+01
3.946118479590701611e+01 5.560175479584473379e+01
3.951032699366032830e+01 5.516696811761917019e+01
3.955946919141363338e+01 5.476541669356206654e+01
3.960861138916694557e+01 5.435292225902040997e+01
3.965775358692025776e+01 5.361410306927841418e+01
3.970689578467356284e+01 5.254895912433600813e+01
3.975603798242687503e+01 5.148004701745559686e+01
3.980518018018018012e+01 5.050271334563832681e+01
3.985432237793349231e+01 4.961695810888420510e+01
3.990346457568679739e+01 4.871445835592337659e+01
3.995260677344010958e+01 4.776203607477823709e+01
4.000174897119341466e+01 4.707507301016456580e+01
4.005089116894672685e+01 4.665356916208244087e+01
4.010003336670003193e+01 4.614695957018965800e+01
4.014917556445334412e+01 4.545467075039641003e+01
4.019831776220664921e+01 4.472030338338338851e+01
4.024745995995996140e+01 4.406284692692692317e+01
4.029660215771326648e+01 4.355965765765765951e+01
4.034574435546657867e+01 4.321073557557557621e+01
4.039488655321988375e+01 4.301608068068067325e+01
4.044402875097319594e+01 4.297569297297297908e+01
4.049317094872650813e+01 4.308957245245245815e+01
4.054231314647981321e+01 4.321411843843844736e+01
4.059145534423312540e+01 4.333866442442443656e+01
4.064059754198643049e+01 4.346321041041041155e+01
4.068973973973974267e+01 4.358775639639640076e+01
4.073888193749304776e+01 4.371230238238238996e+01
4.078802413524635995e+01 4.383684836836836496e+01
4.083716633299966503e+01 4.396139435435435416e+01
4.088630853075297722e+01 4.408594034034035047e+01
4.093545072850628230e+01 4.421048632632633968e+01
4.098459292625959449e+01 4.433503231231232178e+01
4.103373512401289958e+01 4.443844783062461801e+01
4.108287732176621176e+01 4.446263362146676457e+01
4.113201951951951685e+01 4.440758968483874725e+01
4.118116171727282904e+01 4.450267510592119891e+01
4.123030391502614123e+01 4.467687736983013735e+01
4.127944611277944631e+01 4.480265325272602439e+01
4.132858831053275850e+01 4.488000275460886002e+01
4.137773050828606358e+01 4.493005634315231589e+01
4.142687270603937577e+01 4.501091327815289844e+01
4.147601490379268085e+01 4.551135138057235707e+01
4.152515710154599304e+01 4.612321349660345504e+01
4.157429929929929813e+01 4.657466615877638105e+01
4.162344149705261032e+01 4.699325259093065199e+01
4.167258369480591540e+01 4.737897279306626785e+01
4.172172589255922759e+01 4.773182676518321443e+01
4.177086809031253267e+01 4.805181450728151304e+01
4.182001028806584486e+01 4.814801866800143415e+01
4.186915248581914994e+01 4.821176979945743568e+01
4.191829468357246213e+01 4.858591388400338928e+01
4.196743688132577432e+01 4.927045092163925943e+01
4.201657907907907941e+01 5.026538091236508166e+01
4.206572127683239160e+01 5.157070385618082042e+01
4.211486347458569668e+01 5.318641975308651837e+01
4.216400567233900887e+01 5.491466813348007747e+01
4.221314787009231395e+01 5.662467913458017676e+01
4.226229006784562614e+01 5.808779750990975543e+01
4.231143226559893122e+01 5.930402325946882769e+01
4.236057446335224341e+01 6.027335638325738643e+01
4.240971666110554850e+01 6.136437564522459098e+01
4.245885885885886069e+01 6.248853558080381987e+01
4.250800105661216577e+01 6.329258167206420893e+01
4.255714325436547796e+01 6.379475129829925351e+01
4.260628545211878304e+01 6.422369970598597888e+01
4.265542764987209523e+01 6.457942689512437084e+01
4.270456984762540742e+01 6.486193286571445071e+01
4.275371204537871250e+01 6.601933509795935606e+01
4.280285424313202469e+01 7.182227580320147808e+01
4.285199644088532978e+01 8.121036665958096989e+01
4.290113863863864196e+01 9.037865693424065228e+01
4.295028083639194705e+01 9.932714662718039733e+01
4.299942303414525924e+01 1.084748410414635771e+02
4.304856523189856432e+01 1.186147795933180618e+02
4.309770742965187651e+01 1.284302660385914123e+02
4.314684962740518159e+01 1.342392036305080296e+02
4.319599182515849378e+01 1.362335860169122554e+02
4.324513402291179887e+01 1.389503991032905219e+02
4.329427622066511105e+01 1.432238905035934806e+02
4.334341841841841614e+01 1.469061831858861922e+02
4.339256061617172833e+01 1.496694529491558967e+02
4.344170281392503341e+01 1.514819088525210020e+02
4.349084501167834560e+01 1.507043910750031444e+02
4.353998720943165779e+01 1.507001634810724511e+02
4.358912940718496287e+01 1.533607732172213787e+02
4.363827160493827506e+01 1.513394901150030307e+02
4.368741380269158014e+01 1.471288355962544756e+02
4.373655600044489233e+01 1.421791234820515513e+02
4.378569819819819742e+01 1.365221447132758499e+02
4.383484039595150961e+01 1.317970591109057068e+02
4.388398259370481469e+01 1.258622520024172360e+02
4.393312479145812688e+01 1.160941410686888275e+02
4.398226698921143196e+01 1.108567292733234808e+02
4.403140918696474415e+01 1.093345403688520463e+02
4.408055138471804923e+01 1.084668128078747174e+02
4.412969358247136142e+01 1.082535465903916645e+02
4.417883578022466651e+01 1.086947417164027314e+02
4.422797797797797870e+01 1.094766709506063620e+02
4.427712017573129089e+01 1.105404554235645804e+02
4.432626237348459597e+01 1.101289161334724866e+02
4.437540457123790816e+01 1.113603777762410658e+02
4.442454676899121324e+01 1.121166081535921677e+02
4.447368896674452543e+01 1.116546227153028212e+02
4.452283116449783051e+01 1.099744214613728985e+02
4.457197336225114270e+01 1.073897316271041973e+02
4.462111556000444779e+01 1.039503052085821793e+02
4.467025775775775998e+01 9.955953696525556040e+01
4.471939995551106506e+01 9.210618838908089856e+01
4.476854215326437725e+01 8.505935165848488566e+01
4.481768435101768233e+01 7.916201132369050697e+01
4.486682654877099452e+01 7.517424987165762218e+01
4.491596874652429960e+01 7.321822718265219976e+01
4.496511094427761179e+01 7.266388614261937562e+01
4.501425314203092398e+01 7.351349058480869303e+01
4.506339533978422907e+01 7.481178087585635694e+01
4.511253753753754125e+01 7.635312954672255614e+01
4.516167973529084634e+01 7.813753659740730484e+01
4.521082193304415853e+01 7.907161950356966429e+01
4.525996413079746361e+01 7.882898333899609611e+01
4.530910632855077580e+01 7.823043461426428280e+01
4.535824852630408088e+01 7.744736894298875995e+01
4.540739072405739307e+01 7.660501381481398653e+01
4.545653292181069816e+01 7.607218896108606998e+01
4.550567511956401034e+01 7.562057218205413278e+01
4.555481731731731543e+01 7.541251273238393082e+01
4.560395951507062762e+01 7.531594635020043427e+01
4.565310171282393270e+01 7.495665517338031236e+01
4.570224391057724489e+01 7.461573721124524639e+01
4.575138610833055708e+01 7.461681212833079258e+01
4.580052830608386216e+01 7.459106019329092874e+01
4.584967050383717435e+01 7.476680360587644714e+01
4.589881270159047943e+01 7.531499314880284146e+01
4.594795489934379162e+01 7.657192812989261199e+01
4.599709709709709671e+01 7.852450377421597238e+01
4.604623929485040890e+01 8.064820943476372861e+01
4.609538149260371398e+01 8.181248013282049669e+01
4.614452369035702617e+01 8.201731586838627663e+01
4.619366588811033125e+01 8.126271664146106843e+01
4.624280808586364344e+01 7.954868245204488630e+01
4.629195028361694852e+01 7.727090392163476906e+01
4.634109248137026071e+01 7.482637937476647494e+01
4.639023467912356580e+01 7.228712583551292425e+01
4.643937687687687799e+01 7.033486112840954263e+01
4.648851907463018307e+01 6.896958525345623059e+01
4.653766127238349526e+01 6.805599562490402832e+01
4.658680347013680745e+01 6.733901522696160669e+01
4.663594566789011253e+01 6.642295343813192687e+01
4.668508786564342472e+01 6.511651204776195812e+01
4.673423006339672980e+01 6.341969105585165067e+01
4.678337226115004199e+01 6.133249046240104718e+01
4.683251445890334708e+01 5.886212898677641903e+01
4.688165665665665927e+01 5.659478757514462188e+01
4.693079885440996435e+01 5.478554324329691383e+01
4.697994105216327654e+01 5.342826762545585950e+01
4.702908324991658162e+01 5.243073751185433196e+01
4.707822544766989381e+01 5.179295290249236672e+01
4.712736764542319889e+01 5.152133841984394991e+01
4.717650984317651108e+01 5.161104384259029842e+01
4.722565204092981617e+01 5.161119081031360878e+01
4.727479423868312836e+01 5.152177932301388807e+01
4.732393643643644054e+01 5.134893774646860720e+01
4.737307863418974563e+01 5.118488929044484337e+01
4.742222083194305782e+01 5.102963395494259657e+01
4.747136302969636290e+01 5.087674711748785228e+01
4.752050522744967509e+01 5.072386028003311509e+01
4.756964742520298017e+01 5.051352329340834046e+01
4.761878962295629236e+01 5.026175547206143790e+01
4.766793182070959745e+01 4.998772786325878315e+01
4.771707401846290963e+01 4.969144046700039041e+01
4.776621621621621472e+01 4.937289328328624549e+01
4.781535841396952691e+01 4.905292365443399660e+01
4.786450061172283199e+01 4.874908356049137836e+01
4.791364280947614418e+01 4.851882315062839979e+01
4.796278500722944926e+01 4.834612311039717270e+01
4.801192720498276145e+01 4.821181239253131423e+01
4.806106940273607364e+01 4.811166633060306452e+01
4.811021160048937872e+01 4.804209048515365055e+01
4.815935379824269091e+01 4.798224751386540277e+01
4.820849599599599600e+01 4.791458543669063630e+01
4.825763819374930819e+01 4.783910425362932273e+01
4.830678039150261327e+01 4.775580396468147626e+01
4.835592258925592546e+01 4.766468456984708979e+01
4.840506478700923054e+01 4.756431440328352522e+01
4.845420698476254273e+01 4.742613873860885576e+01
4.850334918251584782e+01 4.725015757582304587e+01
4.855249138026916000e+01 4.703637091492611688e+01
4.860163357802246509e+01 4.679040352491228560e+01
4.865077577577577728e+01 4.651720356931086542e+01
4.869991797352908236e+01 4.623134427397484103e+01
4.874906017128239455e+01 4.594259925580671933e+01
4.879820236903570674e+01 4.568311768064726408e+01
4.884734456678901182e+01 4.545879264752882420e+01
4.889648676454232401e+01 4.527457115793406928e+01
4.894562896229562909e+01 4.512482844286877537e+01
4.899477116004894128e+01 4.505182364800511863e+01
4.904391335780224637e+01 4.498628277768307271e+01
4.909305555555555856e+01 4.492659852720260005e+01
