22
1750.6389013   1086690.0  547057.621257   6326077.61364   548169.195712   6325686.85828
2821.43227451  1086690.0  548169.195712   6325686.85828   549640.648161   6323648.89587
1218.88647505  1086690.0  549640.648161   6323648.89587   550763.470326   6323206.75734
1247.49640426  1086690.0  550763.470326   6323206.75734   551897.244023   6322714.52382
1692.29723077  1219440.0  561968.549757   6300795.29708   562628.550175   6299402.99666
1564.09462895  1219440.0  547032.831188   6326071.6134   548002.513746   6325816.8529
1006.04188685  1219440.0  562628.550175   6299402.99666   563596.880714   6299142.60947
1024.33963768  1219440.0  563596.880714   6299142.60947   564514.242922   6298695.0909
5052.02488457  1219440.0  564514.242922   6298695.0909   564546.392862   6294997.48135
1438.34940285  1219440.0  544876.580405   6329597.71004   545642.644122   6328595.98429
1388.31168407  1219440.0  564546.392862   6294997.48135   565283.238663   6293887.05655
752.199739687  1219440.0  544710.640108   6330324.49851   544876.580405   6329597.71004
1074.4452565   1219440.0  565283.238663   6293887.05655   566167.156288   6293316.58706
1966.34718527  1219440.0  566167.156288   6293316.58706   566741.636962   6291609.89885
1034.09324335  1219440.0  566741.636962   6291609.89885   567654.123829   6291144.25835
1265.47674755  1219440.0  567654.123829   6291144.25835   568459.373674   6290284.82505
2664.80769403  1219440.0  568459.373674   6290284.82505   568796.461269   6287706.20653
1213.81582985  1219440.0  568796.461269   6287706.20653   569588.051091   6286796.48812
1031.53765978  1219440.0  569588.051091   6286796.48812   570582.307119   6286630.98383
1222.71513576  1219440.0  571117.429759   6280962.37494   571904.961982   6280037.50661
1035.37457791  1219440.0  571904.961982   6280037.50661   572816.981084   6279569.80179
36.1103165906  1219440.0  572816.981084   6279569.80179   572851.051667   6279558.46389
