#comment
#comment
#comment
2
#comment
#comment
#comment
24
0 10.00028133392334
900 10.000749588012695
1800 10.003397941589355
2700 10.013541221618652
3600 10.044425964355469
4500 10.123074531555176
5400 10.297146797180176
6300 10.642105102539062
7200 11.267925262451172
8100 12.324779510498047
9000 13.561298370361328
9900 14.766854286193848
10800 15.785385131835938
11700 16.55107879638672
12600 17.06963539123535
13500 17.35594940185547
14400 17.377248764038086
15300 17.12995719909668
16200 16.58588409423828
17100 16.067766189575195
18000 15.640663146972656
18900 15.314477920532227
19800 15.068429946899414
20700 14.877076148986816
#comment
#comment
#comment
24
0 10.000279426574707
900 10.0007905960083
1800 10.003976821899414
2700 10.017034530639648
3600 10.058384895324707
4500 10.166086196899414
5400 10.407608985900879
6300 10.889784812927246
7200 11.767659187316895
8100 13.252150535583496
9000 14.999547958374023
9900 16.764310836791992
10800 18.469472885131836
11700 20.27630615234375
12600 22.441694259643555
13500 25.03922462463379
14400 27.730600357055664
15300 29.767454147338867
16200 30.306257247924805
17100 29.819459915161133
18000 28.78389549255371
18900 27.567962646484375
19800 26.374738693237305
20700 25.28949546813965
#comment
