 !=================================================================================================!
 !	Number	of	Land	Uses				                                                        
 !=================================================================================================!
       100
 !=================================================================================================!
 !	List	of	Land	Uses, for each patch, the values defined in the file are : 				                                                        
 !====================== id patch, manning, manning beta ==========================================!
         1  6.000000E-02  0.0000000E+00
         2  6.000000E-02  0.0000000E+00
         3  6.000000E-02  0.0000000E+00
         4  6.000000E-02  0.0000000E+00
         5  6.000000E-02  0.0000000E+00
         6  6.000000E-02  0.0000000E+00
         7  6.000000E-02  0.0000000E+00
         8  6.000000E-02  0.0000000E+00
         9  6.000000E-02  0.0000000E+00
        10  6.000000E-02  0.0000000E+00
        11  6.000000E-02  0.0000000E+00
        12  6.000000E-02  0.0000000E+00
        13  6.000000E-02  0.0000000E+00
        14  6.000000E-02  0.0000000E+00
        15  6.000000E-02  0.0000000E+00
        16  6.000000E-02  0.0000000E+00
        17  6.000000E-02  0.0000000E+00
        18  6.000000E-02  0.0000000E+00
        19  6.000000E-02  0.0000000E+00
        20  6.000000E-02  0.0000000E+00
        21  6.000000E-02  0.0000000E+00
        22  6.000000E-02  0.0000000E+00
        23  6.000000E-02  0.0000000E+00
        24  6.000000E-02  0.0000000E+00
        25  6.000000E-02  0.0000000E+00
        26  6.000000E-02  0.0000000E+00
        27  6.000000E-02  0.0000000E+00
        28  6.000000E-02  0.0000000E+00
        29  6.000000E-02  0.0000000E+00
        30  6.000000E-02  0.0000000E+00
        31  6.000000E-02  0.0000000E+00
        32  6.000000E-02  0.0000000E+00
        33  6.000000E-02  0.0000000E+00
        34  6.000000E-02  0.0000000E+00
        35  6.000000E-02  0.0000000E+00
        36  6.000000E-02  0.0000000E+00
        37  6.000000E-02  0.0000000E+00
        38  6.000000E-02  0.0000000E+00
        39  6.000000E-02  0.0000000E+00
        40  6.000000E-02  0.0000000E+00
        41  6.000000E-02  0.0000000E+00
        42  6.000000E-02  0.0000000E+00
        43  6.000000E-02  0.0000000E+00
        44  6.000000E-02  0.0000000E+00
        45  6.000000E-02  0.0000000E+00
        46  6.000000E-02  0.0000000E+00
        47  6.000000E-02  0.0000000E+00
        48  6.000000E-02  0.0000000E+00
        49  6.000000E-02  0.0000000E+00
        50  6.000000E-02  0.0000000E+00
        51  6.000000E-02  0.0000000E+00
        52  6.000000E-02  0.0000000E+00
        53  6.000000E-02  0.0000000E+00
        54  6.000000E-02  0.0000000E+00
        55  6.000000E-02  0.0000000E+00
        56  6.000000E-02  0.0000000E+00
        57  6.000000E-02  0.0000000E+00
        58  6.000000E-02  0.0000000E+00
        59  6.000000E-02  0.0000000E+00
        60  6.000000E-02  0.0000000E+00
        61  6.000000E-02  0.0000000E+00
        62  6.000000E-02  0.0000000E+00
        63  6.000000E-02  0.0000000E+00
        64  6.000000E-02  0.0000000E+00
        65  6.000000E-02  0.0000000E+00
        66  6.000000E-02  0.0000000E+00
        67  6.000000E-02  0.0000000E+00
        68  6.000000E-02  0.0000000E+00
        69  6.000000E-02  0.0000000E+00
        70  6.000000E-02  0.0000000E+00
        71  6.000000E-02  0.0000000E+00
        72  6.000000E-02  0.0000000E+00
        73  6.000000E-02  0.0000000E+00
        74  6.000000E-02  0.0000000E+00
        75  6.000000E-02  0.0000000E+00
        76  6.000000E-02  0.0000000E+00
        77  6.000000E-02  0.0000000E+00
        78  6.000000E-02  0.0000000E+00
        79  6.000000E-02  0.0000000E+00
        80  6.000000E-02  0.0000000E+00
        81  6.000000E-02  0.0000000E+00
        82  6.000000E-02  0.0000000E+00
        83  6.000000E-02  0.0000000E+00
        84  6.000000E-02  0.0000000E+00
        85  6.000000E-02  0.0000000E+00
        86  6.000000E-02  0.0000000E+00
        87  6.000000E-02  0.0000000E+00
        88  6.000000E-02  0.0000000E+00
        89  6.000000E-02  0.0000000E+00
        90  6.000000E-02  0.0000000E+00
        91  6.000000E-02  0.0000000E+00
        92  6.000000E-02  0.0000000E+00
        93  6.000000E-02  0.0000000E+00
        94  6.000000E-02  0.0000000E+00
        95  6.000000E-02  0.0000000E+00
        96  6.000000E-02  0.0000000E+00
        97  6.000000E-02  0.0000000E+00
        98  6.000000E-02  0.0000000E+00
        99  6.000000E-02  0.0000000E+00
       100  6.000000E-02  0.0000000E+00
