 index x y invsurf surf boundary
           1   5.0000000000000000        5.0000000000000000        1.0000000000000000E-002   100.00000000000000      T
           2   15.000000000000000        5.0000000000000000        1.0000000000000000E-002   100.00000000000000      T
           3   25.000000000000000        5.0000000000000000        1.0000000000000000E-002   100.00000000000000      T
           4   35.000000000000000        5.0000000000000000        1.0000000000000000E-002   100.00000000000000      T
           5   45.000000000000000        5.0000000000000000        1.0000000000000000E-002   100.00000000000000      T
           6   55.000000000000000        5.0000000000000000        1.0000000000000000E-002   100.00000000000000      T
           7   65.000000000000000        5.0000000000000000        1.0000000000000000E-002   100.00000000000000      T
           8   75.000000000000000        5.0000000000000000        1.0000000000000000E-002   100.00000000000000      T
           9   85.000000000000000        5.0000000000000000        1.0000000000000000E-002   100.00000000000000      T
          10   95.000000000000000        5.0000000000000000        1.0000000000000000E-002   100.00000000000000      T
          11   105.00000000000000        5.0000000000000000        1.0000000000000000E-002   100.00000000000000      T
          12   115.00000000000000        5.0000000000000000        1.0000000000000000E-002   100.00000000000000      T
          13   125.00000000000000        5.0000000000000000        1.0000000000000000E-002   100.00000000000000      T
          14   135.00000000000000        5.0000000000000000        1.0000000000000000E-002   100.00000000000000      T
          15   145.00000000000000        5.0000000000000000        1.0000000000000000E-002   100.00000000000000      T
          16   155.00000000000000        5.0000000000000000        1.0000000000000000E-002   100.00000000000000      T
          17   165.00000000000000        5.0000000000000000        1.0000000000000000E-002   100.00000000000000      T
          18   175.00000000000000        5.0000000000000000        1.0000000000000000E-002   100.00000000000000      T
          19   185.00000000000000        5.0000000000000000        1.0000000000000000E-002   100.00000000000000      T
          20   195.00000000000000        5.0000000000000000        1.0000000000000000E-002   100.00000000000000      T
          21   205.00000000000000        5.0000000000000000        1.0000000000000000E-002   100.00000000000000      T
          22   215.00000000000000        5.0000000000000000        1.0000000000000000E-002   100.00000000000000      T
          23   225.00000000000000        5.0000000000000000        1.0000000000000000E-002   100.00000000000000      T
          24   235.00000000000000        5.0000000000000000        1.0000000000000000E-002   100.00000000000000      T
          25   245.00000000000000        5.0000000000000000        1.0000000000000000E-002   100.00000000000000      T
          26   255.00000000000000        5.0000000000000000        1.0000000000000000E-002   100.00000000000000      T
          27   265.00000000000000        5.0000000000000000        1.0000000000000000E-002   100.00000000000000      T
          28   275.00000000000000        5.0000000000000000        1.0000000000000000E-002   100.00000000000000      T
          29   285.00000000000000        5.0000000000000000        1.0000000000000000E-002   100.00000000000000      T
          30   295.00000000000000        5.0000000000000000        1.0000000000000000E-002   100.00000000000000      T
          31   305.00000000000000        5.0000000000000000        1.0000000000000000E-002   100.00000000000000      T
          32   315.00000000000000        5.0000000000000000        1.0000000000000000E-002   100.00000000000000      T
          33   325.00000000000000        5.0000000000000000        1.0000000000000000E-002   100.00000000000000      T
          34   335.00000000000000        5.0000000000000000        1.0000000000000000E-002   100.00000000000000      T
          35   345.00000000000000        5.0000000000000000        1.0000000000000000E-002   100.00000000000000      T
          36   355.00000000000000        5.0000000000000000        1.0000000000000000E-002   100.00000000000000      T
          37   365.00000000000000        5.0000000000000000        1.0000000000000000E-002   100.00000000000000      T
          38   375.00000000000000        5.0000000000000000        1.0000000000000000E-002   100.00000000000000      T
          39   385.00000000000000        5.0000000000000000        1.0000000000000000E-002   100.00000000000000      T
          40   395.00000000000000        5.0000000000000000        1.0000000000000000E-002   100.00000000000000      T
          41   405.00000000000000        5.0000000000000000        1.0000000000000000E-002   100.00000000000000      T
          42   415.00000000000000        5.0000000000000000        1.0000000000000000E-002   100.00000000000000      T
          43   425.00000000000000        5.0000000000000000        1.0000000000000000E-002   100.00000000000000      T
          44   435.00000000000000        5.0000000000000000        1.0000000000000000E-002   100.00000000000000      T
          45   445.00000000000000        5.0000000000000000        1.0000000000000000E-002   100.00000000000000      T
          46   455.00000000000000        5.0000000000000000        1.0000000000000000E-002   100.00000000000000      T
          47   465.00000000000000        5.0000000000000000        1.0000000000000000E-002   100.00000000000000      T
          48   475.00000000000000        5.0000000000000000        1.0000000000000000E-002   100.00000000000000      T
          49   485.00000000000000        5.0000000000000000        1.0000000000000000E-002   100.00000000000000      T
          50   495.00000000000000        5.0000000000000000        1.0000000000000000E-002   100.00000000000000      T
          51   505.00000000000000        5.0000000000000000        1.0000000000000000E-002   100.00000000000000      T
          52   515.00000000000000        5.0000000000000000        1.0000000000000000E-002   100.00000000000000      T
          53   525.00000000000000        5.0000000000000000        1.0000000000000000E-002   100.00000000000000      T
          54   535.00000000000000        5.0000000000000000        1.0000000000000000E-002   100.00000000000000      T
          55   545.00000000000000        5.0000000000000000        1.0000000000000000E-002   100.00000000000000      T
          56   555.00000000000000        5.0000000000000000        1.0000000000000000E-002   100.00000000000000      T
          57   565.00000000000000        5.0000000000000000        1.0000000000000000E-002   100.00000000000000      T
          58   575.00000000000000        5.0000000000000000        1.0000000000000000E-002   100.00000000000000      T
          59   585.00000000000000        5.0000000000000000        1.0000000000000000E-002   100.00000000000000      T
          60   595.00000000000000        5.0000000000000000        1.0000000000000000E-002   100.00000000000000      T
          61   605.00000000000000        5.0000000000000000        1.0000000000000000E-002   100.00000000000000      T
          62   615.00000000000000        5.0000000000000000        1.0000000000000000E-002   100.00000000000000      T
          63   625.00000000000000        5.0000000000000000        1.0000000000000000E-002   100.00000000000000      T
          64   635.00000000000000        5.0000000000000000        1.0000000000000000E-002   100.00000000000000      T
          65   645.00000000000000        5.0000000000000000        1.0000000000000000E-002   100.00000000000000      T
          66   655.00000000000000        5.0000000000000000        1.0000000000000000E-002   100.00000000000000      T
          67   665.00000000000000        5.0000000000000000        1.0000000000000000E-002   100.00000000000000      T
          68   675.00000000000000        5.0000000000000000        1.0000000000000000E-002   100.00000000000000      T
          69   685.00000000000000        5.0000000000000000        1.0000000000000000E-002   100.00000000000000      T
          70   695.00000000000000        5.0000000000000000        1.0000000000000000E-002   100.00000000000000      T
          71   705.00000000000000        5.0000000000000000        1.0000000000000000E-002   100.00000000000000      T
          72   715.00000000000000        5.0000000000000000        1.0000000000000000E-002   100.00000000000000      T
          73   725.00000000000000        5.0000000000000000        1.0000000000000000E-002   100.00000000000000      T
          74   735.00000000000000        5.0000000000000000        1.0000000000000000E-002   100.00000000000000      T
          75   745.00000000000000        5.0000000000000000        1.0000000000000000E-002   100.00000000000000      T
          76   755.00000000000000        5.0000000000000000        1.0000000000000000E-002   100.00000000000000      T
          77   765.00000000000000        5.0000000000000000        1.0000000000000000E-002   100.00000000000000      T
          78   775.00000000000000        5.0000000000000000        1.0000000000000000E-002   100.00000000000000      T
          79   785.00000000000000        5.0000000000000000        1.0000000000000000E-002   100.00000000000000      T
          80   795.00000000000000        5.0000000000000000        1.0000000000000000E-002   100.00000000000000      T
          81   805.00000000000000        5.0000000000000000        1.0000000000000000E-002   100.00000000000000      T
          82   815.00000000000000        5.0000000000000000        1.0000000000000000E-002   100.00000000000000      T
          83   825.00000000000000        5.0000000000000000        1.0000000000000000E-002   100.00000000000000      T
          84   835.00000000000000        5.0000000000000000        1.0000000000000000E-002   100.00000000000000      T
          85   845.00000000000000        5.0000000000000000        1.0000000000000000E-002   100.00000000000000      T
          86   855.00000000000000        5.0000000000000000        1.0000000000000000E-002   100.00000000000000      T
          87   865.00000000000000        5.0000000000000000        1.0000000000000000E-002   100.00000000000000      T
          88   875.00000000000000        5.0000000000000000        1.0000000000000000E-002   100.00000000000000      T
          89   885.00000000000000        5.0000000000000000        1.0000000000000000E-002   100.00000000000000      T
          90   895.00000000000000        5.0000000000000000        1.0000000000000000E-002   100.00000000000000      T
          91   905.00000000000000        5.0000000000000000        1.0000000000000000E-002   100.00000000000000      T
          92   915.00000000000000        5.0000000000000000        1.0000000000000000E-002   100.00000000000000      T
          93   925.00000000000000        5.0000000000000000        1.0000000000000000E-002   100.00000000000000      T
          94   935.00000000000000        5.0000000000000000        1.0000000000000000E-002   100.00000000000000      T
          95   945.00000000000000        5.0000000000000000        1.0000000000000000E-002   100.00000000000000      T
          96   955.00000000000000        5.0000000000000000        1.0000000000000000E-002   100.00000000000000      T
          97   965.00000000000000        5.0000000000000000        1.0000000000000000E-002   100.00000000000000      T
          98   975.00000000000000        5.0000000000000000        1.0000000000000000E-002   100.00000000000000      T
          99   985.00000000000000        5.0000000000000000        1.0000000000000000E-002   100.00000000000000      T
         100   995.00000000000000        5.0000000000000000        1.0000000000000000E-002   100.00000000000000      T
