 !=================================================================================================!
 !	Number	of	Land	Uses				                                                        
 !=================================================================================================!
      1600
 !=================================================================================================!
 !	List	of	Land	Uses, for each patch, the values defined in the file are : 				                                                        
 !====================== id patch, manning, manning beta ==========================================!
         1  2.5000000E-02  0.0000000E+00
         2  2.5000000E-02  0.0000000E+00
         3  2.5000000E-02  0.0000000E+00
         4  2.5000000E-02  0.0000000E+00
         5  2.5000000E-02  0.0000000E+00
         6  2.5000000E-02  0.0000000E+00
         7  2.5000000E-02  0.0000000E+00
         8  2.5000000E-02  0.0000000E+00
         9  2.5000000E-02  0.0000000E+00
        10  2.5000000E-02  0.0000000E+00
        11  2.5000000E-02  0.0000000E+00
        12  2.5000000E-02  0.0000000E+00
        13  2.5000000E-02  0.0000000E+00
        14  2.5000000E-02  0.0000000E+00
        15  2.5000000E-02  0.0000000E+00
        16  2.5000000E-02  0.0000000E+00
        17  2.5000000E-02  0.0000000E+00
        18  2.5000000E-02  0.0000000E+00
        19  2.5000000E-02  0.0000000E+00
        20  2.5000000E-02  0.0000000E+00
        21  2.5000000E-02  0.0000000E+00
        22  2.5000000E-02  0.0000000E+00
        23  2.5000000E-02  0.0000000E+00
        24  2.5000000E-02  0.0000000E+00
        25  2.5000000E-02  0.0000000E+00
        26  2.5000000E-02  0.0000000E+00
        27  2.5000000E-02  0.0000000E+00
        28  2.5000000E-02  0.0000000E+00
        29  2.5000000E-02  0.0000000E+00
        30  2.5000000E-02  0.0000000E+00
        31  2.5000000E-02  0.0000000E+00
        32  2.5000000E-02  0.0000000E+00
        33  2.5000000E-02  0.0000000E+00
        34  2.5000000E-02  0.0000000E+00
        35  2.5000000E-02  0.0000000E+00
        36  2.5000000E-02  0.0000000E+00
        37  2.5000000E-02  0.0000000E+00
        38  2.5000000E-02  0.0000000E+00
        39  2.5000000E-02  0.0000000E+00
        40  2.5000000E-02  0.0000000E+00
        41  2.5000000E-02  0.0000000E+00
        42  2.5000000E-02  0.0000000E+00
        43  2.5000000E-02  0.0000000E+00
        44  2.5000000E-02  0.0000000E+00
        45  2.5000000E-02  0.0000000E+00
        46  2.5000000E-02  0.0000000E+00
        47  2.5000000E-02  0.0000000E+00
        48  2.5000000E-02  0.0000000E+00
        49  2.5000000E-02  0.0000000E+00
        50  2.5000000E-02  0.0000000E+00
        51  2.5000000E-02  0.0000000E+00
        52  2.5000000E-02  0.0000000E+00
        53  2.5000000E-02  0.0000000E+00
        54  2.5000000E-02  0.0000000E+00
        55  2.5000000E-02  0.0000000E+00
        56  2.5000000E-02  0.0000000E+00
        57  2.5000000E-02  0.0000000E+00
        58  2.5000000E-02  0.0000000E+00
        59  2.5000000E-02  0.0000000E+00
        60  2.5000000E-02  0.0000000E+00
        61  2.5000000E-02  0.0000000E+00
        62  2.5000000E-02  0.0000000E+00
        63  2.5000000E-02  0.0000000E+00
        64  2.5000000E-02  0.0000000E+00
        65  2.5000000E-02  0.0000000E+00
        66  2.5000000E-02  0.0000000E+00
        67  2.5000000E-02  0.0000000E+00
        68  2.5000000E-02  0.0000000E+00
        69  2.5000000E-02  0.0000000E+00
        70  2.5000000E-02  0.0000000E+00
        71  2.5000000E-02  0.0000000E+00
        72  2.5000000E-02  0.0000000E+00
        73  2.5000000E-02  0.0000000E+00
        74  2.5000000E-02  0.0000000E+00
        75  2.5000000E-02  0.0000000E+00
        76  2.5000000E-02  0.0000000E+00
        77  2.5000000E-02  0.0000000E+00
        78  2.5000000E-02  0.0000000E+00
        79  2.5000000E-02  0.0000000E+00
        80  2.5000000E-02  0.0000000E+00
        81  2.5000000E-02  0.0000000E+00
        82  2.5000000E-02  0.0000000E+00
        83  2.5000000E-02  0.0000000E+00
        84  2.5000000E-02  0.0000000E+00
        85  2.5000000E-02  0.0000000E+00
        86  2.5000000E-02  0.0000000E+00
        87  2.5000000E-02  0.0000000E+00
        88  2.5000000E-02  0.0000000E+00
        89  2.5000000E-02  0.0000000E+00
        90  2.5000000E-02  0.0000000E+00
        91  2.5000000E-02  0.0000000E+00
        92  2.5000000E-02  0.0000000E+00
        93  2.5000000E-02  0.0000000E+00
        94  2.5000000E-02  0.0000000E+00
        95  2.5000000E-02  0.0000000E+00
        96  2.5000000E-02  0.0000000E+00
        97  2.5000000E-02  0.0000000E+00
        98  2.5000000E-02  0.0000000E+00
        99  2.5000000E-02  0.0000000E+00
       100  2.5000000E-02  0.0000000E+00
       101  2.5000000E-02  0.0000000E+00
       102  2.5000000E-02  0.0000000E+00
       103  2.5000000E-02  0.0000000E+00
       104  2.5000000E-02  0.0000000E+00
       105  2.5000000E-02  0.0000000E+00
       106  2.5000000E-02  0.0000000E+00
       107  2.5000000E-02  0.0000000E+00
       108  2.5000000E-02  0.0000000E+00
       109  2.5000000E-02  0.0000000E+00
       110  2.5000000E-02  0.0000000E+00
       111  2.5000000E-02  0.0000000E+00
       112  2.5000000E-02  0.0000000E+00
       113  2.5000000E-02  0.0000000E+00
       114  2.5000000E-02  0.0000000E+00
       115  2.5000000E-02  0.0000000E+00
       116  2.5000000E-02  0.0000000E+00
       117  2.5000000E-02  0.0000000E+00
       118  2.5000000E-02  0.0000000E+00
       119  2.5000000E-02  0.0000000E+00
       120  2.5000000E-02  0.0000000E+00
       121  2.5000000E-02  0.0000000E+00
       122  2.5000000E-02  0.0000000E+00
       123  2.5000000E-02  0.0000000E+00
       124  2.5000000E-02  0.0000000E+00
       125  2.5000000E-02  0.0000000E+00
       126  2.5000000E-02  0.0000000E+00
       127  2.5000000E-02  0.0000000E+00
       128  2.5000000E-02  0.0000000E+00
       129  2.5000000E-02  0.0000000E+00
       130  2.5000000E-02  0.0000000E+00
       131  2.5000000E-02  0.0000000E+00
       132  2.5000000E-02  0.0000000E+00
       133  2.5000000E-02  0.0000000E+00
       134  2.5000000E-02  0.0000000E+00
       135  2.5000000E-02  0.0000000E+00
       136  2.5000000E-02  0.0000000E+00
       137  2.5000000E-02  0.0000000E+00
       138  2.5000000E-02  0.0000000E+00
       139  2.5000000E-02  0.0000000E+00
       140  2.5000000E-02  0.0000000E+00
       141  2.5000000E-02  0.0000000E+00
       142  2.5000000E-02  0.0000000E+00
       143  2.5000000E-02  0.0000000E+00
       144  2.5000000E-02  0.0000000E+00
       145  2.5000000E-02  0.0000000E+00
       146  2.5000000E-02  0.0000000E+00
       147  2.5000000E-02  0.0000000E+00
       148  2.5000000E-02  0.0000000E+00
       149  2.5000000E-02  0.0000000E+00
       150  2.5000000E-02  0.0000000E+00
       151  2.5000000E-02  0.0000000E+00
       152  2.5000000E-02  0.0000000E+00
       153  2.5000000E-02  0.0000000E+00
       154  2.5000000E-02  0.0000000E+00
       155  2.5000000E-02  0.0000000E+00
       156  2.5000000E-02  0.0000000E+00
       157  2.5000000E-02  0.0000000E+00
       158  2.5000000E-02  0.0000000E+00
       159  2.5000000E-02  0.0000000E+00
       160  2.5000000E-02  0.0000000E+00
       161  2.5000000E-02  0.0000000E+00
       162  2.5000000E-02  0.0000000E+00
       163  2.5000000E-02  0.0000000E+00
       164  2.5000000E-02  0.0000000E+00
       165  2.5000000E-02  0.0000000E+00
       166  2.5000000E-02  0.0000000E+00
       167  2.5000000E-02  0.0000000E+00
       168  2.5000000E-02  0.0000000E+00
       169  2.5000000E-02  0.0000000E+00
       170  2.5000000E-02  0.0000000E+00
       171  2.5000000E-02  0.0000000E+00
       172  2.5000000E-02  0.0000000E+00
       173  2.5000000E-02  0.0000000E+00
       174  2.5000000E-02  0.0000000E+00
       175  2.5000000E-02  0.0000000E+00
       176  2.5000000E-02  0.0000000E+00
       177  2.5000000E-02  0.0000000E+00
       178  2.5000000E-02  0.0000000E+00
       179  2.5000000E-02  0.0000000E+00
       180  2.5000000E-02  0.0000000E+00
       181  2.5000000E-02  0.0000000E+00
       182  2.5000000E-02  0.0000000E+00
       183  2.5000000E-02  0.0000000E+00
       184  2.5000000E-02  0.0000000E+00
       185  2.5000000E-02  0.0000000E+00
       186  2.5000000E-02  0.0000000E+00
       187  2.5000000E-02  0.0000000E+00
       188  2.5000000E-02  0.0000000E+00
       189  2.5000000E-02  0.0000000E+00
       190  2.5000000E-02  0.0000000E+00
       191  2.5000000E-02  0.0000000E+00
       192  2.5000000E-02  0.0000000E+00
       193  2.5000000E-02  0.0000000E+00
       194  2.5000000E-02  0.0000000E+00
       195  2.5000000E-02  0.0000000E+00
       196  2.5000000E-02  0.0000000E+00
       197  2.5000000E-02  0.0000000E+00
       198  2.5000000E-02  0.0000000E+00
       199  2.5000000E-02  0.0000000E+00
       200  2.5000000E-02  0.0000000E+00
       201  2.5000000E-02  0.0000000E+00
       202  2.5000000E-02  0.0000000E+00
       203  2.5000000E-02  0.0000000E+00
       204  2.5000000E-02  0.0000000E+00
       205  2.5000000E-02  0.0000000E+00
       206  2.5000000E-02  0.0000000E+00
       207  2.5000000E-02  0.0000000E+00
       208  2.5000000E-02  0.0000000E+00
       209  2.5000000E-02  0.0000000E+00
       210  2.5000000E-02  0.0000000E+00
       211  2.5000000E-02  0.0000000E+00
       212  2.5000000E-02  0.0000000E+00
       213  2.5000000E-02  0.0000000E+00
       214  2.5000000E-02  0.0000000E+00
       215  2.5000000E-02  0.0000000E+00
       216  2.5000000E-02  0.0000000E+00
       217  2.5000000E-02  0.0000000E+00
       218  2.5000000E-02  0.0000000E+00
       219  2.5000000E-02  0.0000000E+00
       220  2.5000000E-02  0.0000000E+00
       221  2.5000000E-02  0.0000000E+00
       222  2.5000000E-02  0.0000000E+00
       223  2.5000000E-02  0.0000000E+00
       224  2.5000000E-02  0.0000000E+00
       225  2.5000000E-02  0.0000000E+00
       226  2.5000000E-02  0.0000000E+00
       227  2.5000000E-02  0.0000000E+00
       228  2.5000000E-02  0.0000000E+00
       229  2.5000000E-02  0.0000000E+00
       230  2.5000000E-02  0.0000000E+00
       231  2.5000000E-02  0.0000000E+00
       232  2.5000000E-02  0.0000000E+00
       233  2.5000000E-02  0.0000000E+00
       234  2.5000000E-02  0.0000000E+00
       235  2.5000000E-02  0.0000000E+00
       236  2.5000000E-02  0.0000000E+00
       237  2.5000000E-02  0.0000000E+00
       238  2.5000000E-02  0.0000000E+00
       239  2.5000000E-02  0.0000000E+00
       240  2.5000000E-02  0.0000000E+00
       241  2.5000000E-02  0.0000000E+00
       242  2.5000000E-02  0.0000000E+00
       243  2.5000000E-02  0.0000000E+00
       244  2.5000000E-02  0.0000000E+00
       245  2.5000000E-02  0.0000000E+00
       246  2.5000000E-02  0.0000000E+00
       247  2.5000000E-02  0.0000000E+00
       248  2.5000000E-02  0.0000000E+00
       249  2.5000000E-02  0.0000000E+00
       250  2.5000000E-02  0.0000000E+00
       251  2.5000000E-02  0.0000000E+00
       252  2.5000000E-02  0.0000000E+00
       253  2.5000000E-02  0.0000000E+00
       254  2.5000000E-02  0.0000000E+00
       255  2.5000000E-02  0.0000000E+00
       256  2.5000000E-02  0.0000000E+00
       257  2.5000000E-02  0.0000000E+00
       258  2.5000000E-02  0.0000000E+00
       259  2.5000000E-02  0.0000000E+00
       260  2.5000000E-02  0.0000000E+00
       261  2.5000000E-02  0.0000000E+00
       262  2.5000000E-02  0.0000000E+00
       263  2.5000000E-02  0.0000000E+00
       264  2.5000000E-02  0.0000000E+00
       265  2.5000000E-02  0.0000000E+00
       266  2.5000000E-02  0.0000000E+00
       267  2.5000000E-02  0.0000000E+00
       268  2.5000000E-02  0.0000000E+00
       269  2.5000000E-02  0.0000000E+00
       270  2.5000000E-02  0.0000000E+00
       271  2.5000000E-02  0.0000000E+00
       272  2.5000000E-02  0.0000000E+00
       273  2.5000000E-02  0.0000000E+00
       274  2.5000000E-02  0.0000000E+00
       275  2.5000000E-02  0.0000000E+00
       276  2.5000000E-02  0.0000000E+00
       277  2.5000000E-02  0.0000000E+00
       278  2.5000000E-02  0.0000000E+00
       279  2.5000000E-02  0.0000000E+00
       280  2.5000000E-02  0.0000000E+00
       281  2.5000000E-02  0.0000000E+00
       282  2.5000000E-02  0.0000000E+00
       283  2.5000000E-02  0.0000000E+00
       284  2.5000000E-02  0.0000000E+00
       285  2.5000000E-02  0.0000000E+00
       286  2.5000000E-02  0.0000000E+00
       287  2.5000000E-02  0.0000000E+00
       288  2.5000000E-02  0.0000000E+00
       289  2.5000000E-02  0.0000000E+00
       290  2.5000000E-02  0.0000000E+00
       291  2.5000000E-02  0.0000000E+00
       292  2.5000000E-02  0.0000000E+00
       293  2.5000000E-02  0.0000000E+00
       294  2.5000000E-02  0.0000000E+00
       295  2.5000000E-02  0.0000000E+00
       296  2.5000000E-02  0.0000000E+00
       297  2.5000000E-02  0.0000000E+00
       298  2.5000000E-02  0.0000000E+00
       299  2.5000000E-02  0.0000000E+00
       300  2.5000000E-02  0.0000000E+00
       301  2.5000000E-02  0.0000000E+00
       302  2.5000000E-02  0.0000000E+00
       303  2.5000000E-02  0.0000000E+00
       304  2.5000000E-02  0.0000000E+00
       305  2.5000000E-02  0.0000000E+00
       306  2.5000000E-02  0.0000000E+00
       307  2.5000000E-02  0.0000000E+00
       308  2.5000000E-02  0.0000000E+00
       309  2.5000000E-02  0.0000000E+00
       310  2.5000000E-02  0.0000000E+00
       311  2.5000000E-02  0.0000000E+00
       312  2.5000000E-02  0.0000000E+00
       313  2.5000000E-02  0.0000000E+00
       314  2.5000000E-02  0.0000000E+00
       315  2.5000000E-02  0.0000000E+00
       316  2.5000000E-02  0.0000000E+00
       317  2.5000000E-02  0.0000000E+00
       318  2.5000000E-02  0.0000000E+00
       319  2.5000000E-02  0.0000000E+00
       320  2.5000000E-02  0.0000000E+00
       321  2.5000000E-02  0.0000000E+00
       322  2.5000000E-02  0.0000000E+00
       323  2.5000000E-02  0.0000000E+00
       324  2.5000000E-02  0.0000000E+00
       325  2.5000000E-02  0.0000000E+00
       326  2.5000000E-02  0.0000000E+00
       327  2.5000000E-02  0.0000000E+00
       328  2.5000000E-02  0.0000000E+00
       329  2.5000000E-02  0.0000000E+00
       330  2.5000000E-02  0.0000000E+00
       331  2.5000000E-02  0.0000000E+00
       332  2.5000000E-02  0.0000000E+00
       333  2.5000000E-02  0.0000000E+00
       334  2.5000000E-02  0.0000000E+00
       335  2.5000000E-02  0.0000000E+00
       336  2.5000000E-02  0.0000000E+00
       337  2.5000000E-02  0.0000000E+00
       338  2.5000000E-02  0.0000000E+00
       339  2.5000000E-02  0.0000000E+00
       340  2.5000000E-02  0.0000000E+00
       341  2.5000000E-02  0.0000000E+00
       342  2.5000000E-02  0.0000000E+00
       343  2.5000000E-02  0.0000000E+00
       344  2.5000000E-02  0.0000000E+00
       345  2.5000000E-02  0.0000000E+00
       346  2.5000000E-02  0.0000000E+00
       347  2.5000000E-02  0.0000000E+00
       348  2.5000000E-02  0.0000000E+00
       349  2.5000000E-02  0.0000000E+00
       350  2.5000000E-02  0.0000000E+00
       351  2.5000000E-02  0.0000000E+00
       352  2.5000000E-02  0.0000000E+00
       353  2.5000000E-02  0.0000000E+00
       354  2.5000000E-02  0.0000000E+00
       355  2.5000000E-02  0.0000000E+00
       356  2.5000000E-02  0.0000000E+00
       357  2.5000000E-02  0.0000000E+00
       358  2.5000000E-02  0.0000000E+00
       359  2.5000000E-02  0.0000000E+00
       360  2.5000000E-02  0.0000000E+00
       361  2.5000000E-02  0.0000000E+00
       362  2.5000000E-02  0.0000000E+00
       363  2.5000000E-02  0.0000000E+00
       364  2.5000000E-02  0.0000000E+00
       365  2.5000000E-02  0.0000000E+00
       366  2.5000000E-02  0.0000000E+00
       367  2.5000000E-02  0.0000000E+00
       368  2.5000000E-02  0.0000000E+00
       369  2.5000000E-02  0.0000000E+00
       370  2.5000000E-02  0.0000000E+00
       371  2.5000000E-02  0.0000000E+00
       372  2.5000000E-02  0.0000000E+00
       373  2.5000000E-02  0.0000000E+00
       374  2.5000000E-02  0.0000000E+00
       375  2.5000000E-02  0.0000000E+00
       376  2.5000000E-02  0.0000000E+00
       377  2.5000000E-02  0.0000000E+00
       378  2.5000000E-02  0.0000000E+00
       379  2.5000000E-02  0.0000000E+00
       380  2.5000000E-02  0.0000000E+00
       381  2.5000000E-02  0.0000000E+00
       382  2.5000000E-02  0.0000000E+00
       383  2.5000000E-02  0.0000000E+00
       384  2.5000000E-02  0.0000000E+00
       385  2.5000000E-02  0.0000000E+00
       386  2.5000000E-02  0.0000000E+00
       387  2.5000000E-02  0.0000000E+00
       388  2.5000000E-02  0.0000000E+00
       389  2.5000000E-02  0.0000000E+00
       390  2.5000000E-02  0.0000000E+00
       391  2.5000000E-02  0.0000000E+00
       392  2.5000000E-02  0.0000000E+00
       393  2.5000000E-02  0.0000000E+00
       394  2.5000000E-02  0.0000000E+00
       395  2.5000000E-02  0.0000000E+00
       396  2.5000000E-02  0.0000000E+00
       397  2.5000000E-02  0.0000000E+00
       398  2.5000000E-02  0.0000000E+00
       399  2.5000000E-02  0.0000000E+00
       400  2.5000000E-02  0.0000000E+00
       401  2.5000000E-02  0.0000000E+00
       402  2.5000000E-02  0.0000000E+00
       403  2.5000000E-02  0.0000000E+00
       404  2.5000000E-02  0.0000000E+00
       405  2.5000000E-02  0.0000000E+00
       406  2.5000000E-02  0.0000000E+00
       407  2.5000000E-02  0.0000000E+00
       408  2.5000000E-02  0.0000000E+00
       409  2.5000000E-02  0.0000000E+00
       410  2.5000000E-02  0.0000000E+00
       411  2.5000000E-02  0.0000000E+00
       412  2.5000000E-02  0.0000000E+00
       413  2.5000000E-02  0.0000000E+00
       414  2.5000000E-02  0.0000000E+00
       415  2.5000000E-02  0.0000000E+00
       416  2.5000000E-02  0.0000000E+00
       417  2.5000000E-02  0.0000000E+00
       418  2.5000000E-02  0.0000000E+00
       419  2.5000000E-02  0.0000000E+00
       420  2.5000000E-02  0.0000000E+00
       421  2.5000000E-02  0.0000000E+00
       422  2.5000000E-02  0.0000000E+00
       423  2.5000000E-02  0.0000000E+00
       424  2.5000000E-02  0.0000000E+00
       425  2.5000000E-02  0.0000000E+00
       426  2.5000000E-02  0.0000000E+00
       427  2.5000000E-02  0.0000000E+00
       428  2.5000000E-02  0.0000000E+00
       429  2.5000000E-02  0.0000000E+00
       430  2.5000000E-02  0.0000000E+00
       431  2.5000000E-02  0.0000000E+00
       432  2.5000000E-02  0.0000000E+00
       433  2.5000000E-02  0.0000000E+00
       434  2.5000000E-02  0.0000000E+00
       435  2.5000000E-02  0.0000000E+00
       436  2.5000000E-02  0.0000000E+00
       437  2.5000000E-02  0.0000000E+00
       438  2.5000000E-02  0.0000000E+00
       439  2.5000000E-02  0.0000000E+00
       440  2.5000000E-02  0.0000000E+00
       441  2.5000000E-02  0.0000000E+00
       442  2.5000000E-02  0.0000000E+00
       443  2.5000000E-02  0.0000000E+00
       444  2.5000000E-02  0.0000000E+00
       445  2.5000000E-02  0.0000000E+00
       446  2.5000000E-02  0.0000000E+00
       447  2.5000000E-02  0.0000000E+00
       448  2.5000000E-02  0.0000000E+00
       449  2.5000000E-02  0.0000000E+00
       450  2.5000000E-02  0.0000000E+00
       451  2.5000000E-02  0.0000000E+00
       452  2.5000000E-02  0.0000000E+00
       453  2.5000000E-02  0.0000000E+00
       454  2.5000000E-02  0.0000000E+00
       455  2.5000000E-02  0.0000000E+00
       456  2.5000000E-02  0.0000000E+00
       457  2.5000000E-02  0.0000000E+00
       458  2.5000000E-02  0.0000000E+00
       459  2.5000000E-02  0.0000000E+00
       460  2.5000000E-02  0.0000000E+00
       461  2.5000000E-02  0.0000000E+00
       462  2.5000000E-02  0.0000000E+00
       463  2.5000000E-02  0.0000000E+00
       464  2.5000000E-02  0.0000000E+00
       465  2.5000000E-02  0.0000000E+00
       466  2.5000000E-02  0.0000000E+00
       467  2.5000000E-02  0.0000000E+00
       468  2.5000000E-02  0.0000000E+00
       469  2.5000000E-02  0.0000000E+00
       470  2.5000000E-02  0.0000000E+00
       471  2.5000000E-02  0.0000000E+00
       472  2.5000000E-02  0.0000000E+00
       473  2.5000000E-02  0.0000000E+00
       474  2.5000000E-02  0.0000000E+00
       475  2.5000000E-02  0.0000000E+00
       476  2.5000000E-02  0.0000000E+00
       477  2.5000000E-02  0.0000000E+00
       478  2.5000000E-02  0.0000000E+00
       479  2.5000000E-02  0.0000000E+00
       480  2.5000000E-02  0.0000000E+00
       481  2.5000000E-02  0.0000000E+00
       482  2.5000000E-02  0.0000000E+00
       483  2.5000000E-02  0.0000000E+00
       484  2.5000000E-02  0.0000000E+00
       485  2.5000000E-02  0.0000000E+00
       486  2.5000000E-02  0.0000000E+00
       487  2.5000000E-02  0.0000000E+00
       488  2.5000000E-02  0.0000000E+00
       489  2.5000000E-02  0.0000000E+00
       490  2.5000000E-02  0.0000000E+00
       491  2.5000000E-02  0.0000000E+00
       492  2.5000000E-02  0.0000000E+00
       493  2.5000000E-02  0.0000000E+00
       494  2.5000000E-02  0.0000000E+00
       495  2.5000000E-02  0.0000000E+00
       496  2.5000000E-02  0.0000000E+00
       497  2.5000000E-02  0.0000000E+00
       498  2.5000000E-02  0.0000000E+00
       499  2.5000000E-02  0.0000000E+00
       500  2.5000000E-02  0.0000000E+00
       501  2.5000000E-02  0.0000000E+00
       502  2.5000000E-02  0.0000000E+00
       503  2.5000000E-02  0.0000000E+00
       504  2.5000000E-02  0.0000000E+00
       505  2.5000000E-02  0.0000000E+00
       506  2.5000000E-02  0.0000000E+00
       507  2.5000000E-02  0.0000000E+00
       508  2.5000000E-02  0.0000000E+00
       509  2.5000000E-02  0.0000000E+00
       510  2.5000000E-02  0.0000000E+00
       511  2.5000000E-02  0.0000000E+00
       512  2.5000000E-02  0.0000000E+00
       513  2.5000000E-02  0.0000000E+00
       514  2.5000000E-02  0.0000000E+00
       515  2.5000000E-02  0.0000000E+00
       516  2.5000000E-02  0.0000000E+00
       517  2.5000000E-02  0.0000000E+00
       518  2.5000000E-02  0.0000000E+00
       519  2.5000000E-02  0.0000000E+00
       520  2.5000000E-02  0.0000000E+00
       521  2.5000000E-02  0.0000000E+00
       522  2.5000000E-02  0.0000000E+00
       523  2.5000000E-02  0.0000000E+00
       524  2.5000000E-02  0.0000000E+00
       525  2.5000000E-02  0.0000000E+00
       526  2.5000000E-02  0.0000000E+00
       527  2.5000000E-02  0.0000000E+00
       528  2.5000000E-02  0.0000000E+00
       529  2.5000000E-02  0.0000000E+00
       530  2.5000000E-02  0.0000000E+00
       531  2.5000000E-02  0.0000000E+00
       532  2.5000000E-02  0.0000000E+00
       533  2.5000000E-02  0.0000000E+00
       534  2.5000000E-02  0.0000000E+00
       535  2.5000000E-02  0.0000000E+00
       536  2.5000000E-02  0.0000000E+00
       537  2.5000000E-02  0.0000000E+00
       538  2.5000000E-02  0.0000000E+00
       539  2.5000000E-02  0.0000000E+00
       540  2.5000000E-02  0.0000000E+00
       541  2.5000000E-02  0.0000000E+00
       542  2.5000000E-02  0.0000000E+00
       543  2.5000000E-02  0.0000000E+00
       544  2.5000000E-02  0.0000000E+00
       545  2.5000000E-02  0.0000000E+00
       546  2.5000000E-02  0.0000000E+00
       547  2.5000000E-02  0.0000000E+00
       548  2.5000000E-02  0.0000000E+00
       549  2.5000000E-02  0.0000000E+00
       550  2.5000000E-02  0.0000000E+00
       551  2.5000000E-02  0.0000000E+00
       552  2.5000000E-02  0.0000000E+00
       553  2.5000000E-02  0.0000000E+00
       554  2.5000000E-02  0.0000000E+00
       555  2.5000000E-02  0.0000000E+00
       556  2.5000000E-02  0.0000000E+00
       557  2.5000000E-02  0.0000000E+00
       558  2.5000000E-02  0.0000000E+00
       559  2.5000000E-02  0.0000000E+00
       560  2.5000000E-02  0.0000000E+00
       561  2.5000000E-02  0.0000000E+00
       562  2.5000000E-02  0.0000000E+00
       563  2.5000000E-02  0.0000000E+00
       564  2.5000000E-02  0.0000000E+00
       565  2.5000000E-02  0.0000000E+00
       566  2.5000000E-02  0.0000000E+00
       567  2.5000000E-02  0.0000000E+00
       568  2.5000000E-02  0.0000000E+00
       569  2.5000000E-02  0.0000000E+00
       570  2.5000000E-02  0.0000000E+00
       571  2.5000000E-02  0.0000000E+00
       572  2.5000000E-02  0.0000000E+00
       573  2.5000000E-02  0.0000000E+00
       574  2.5000000E-02  0.0000000E+00
       575  2.5000000E-02  0.0000000E+00
       576  2.5000000E-02  0.0000000E+00
       577  2.5000000E-02  0.0000000E+00
       578  2.5000000E-02  0.0000000E+00
       579  2.5000000E-02  0.0000000E+00
       580  2.5000000E-02  0.0000000E+00
       581  2.5000000E-02  0.0000000E+00
       582  2.5000000E-02  0.0000000E+00
       583  2.5000000E-02  0.0000000E+00
       584  2.5000000E-02  0.0000000E+00
       585  2.5000000E-02  0.0000000E+00
       586  2.5000000E-02  0.0000000E+00
       587  2.5000000E-02  0.0000000E+00
       588  2.5000000E-02  0.0000000E+00
       589  2.5000000E-02  0.0000000E+00
       590  2.5000000E-02  0.0000000E+00
       591  2.5000000E-02  0.0000000E+00
       592  2.5000000E-02  0.0000000E+00
       593  2.5000000E-02  0.0000000E+00
       594  2.5000000E-02  0.0000000E+00
       595  2.5000000E-02  0.0000000E+00
       596  2.5000000E-02  0.0000000E+00
       597  2.5000000E-02  0.0000000E+00
       598  2.5000000E-02  0.0000000E+00
       599  2.5000000E-02  0.0000000E+00
       600  2.5000000E-02  0.0000000E+00
       601  2.5000000E-02  0.0000000E+00
       602  2.5000000E-02  0.0000000E+00
       603  2.5000000E-02  0.0000000E+00
       604  2.5000000E-02  0.0000000E+00
       605  2.5000000E-02  0.0000000E+00
       606  2.5000000E-02  0.0000000E+00
       607  2.5000000E-02  0.0000000E+00
       608  2.5000000E-02  0.0000000E+00
       609  2.5000000E-02  0.0000000E+00
       610  2.5000000E-02  0.0000000E+00
       611  2.5000000E-02  0.0000000E+00
       612  2.5000000E-02  0.0000000E+00
       613  2.5000000E-02  0.0000000E+00
       614  2.5000000E-02  0.0000000E+00
       615  2.5000000E-02  0.0000000E+00
       616  2.5000000E-02  0.0000000E+00
       617  2.5000000E-02  0.0000000E+00
       618  2.5000000E-02  0.0000000E+00
       619  2.5000000E-02  0.0000000E+00
       620  2.5000000E-02  0.0000000E+00
       621  2.5000000E-02  0.0000000E+00
       622  2.5000000E-02  0.0000000E+00
       623  2.5000000E-02  0.0000000E+00
       624  2.5000000E-02  0.0000000E+00
       625  2.5000000E-02  0.0000000E+00
       626  2.5000000E-02  0.0000000E+00
       627  2.5000000E-02  0.0000000E+00
       628  2.5000000E-02  0.0000000E+00
       629  2.5000000E-02  0.0000000E+00
       630  2.5000000E-02  0.0000000E+00
       631  2.5000000E-02  0.0000000E+00
       632  2.5000000E-02  0.0000000E+00
       633  2.5000000E-02  0.0000000E+00
       634  2.5000000E-02  0.0000000E+00
       635  2.5000000E-02  0.0000000E+00
       636  2.5000000E-02  0.0000000E+00
       637  2.5000000E-02  0.0000000E+00
       638  2.5000000E-02  0.0000000E+00
       639  2.5000000E-02  0.0000000E+00
       640  2.5000000E-02  0.0000000E+00
       641  2.5000000E-02  0.0000000E+00
       642  2.5000000E-02  0.0000000E+00
       643  2.5000000E-02  0.0000000E+00
       644  2.5000000E-02  0.0000000E+00
       645  2.5000000E-02  0.0000000E+00
       646  2.5000000E-02  0.0000000E+00
       647  2.5000000E-02  0.0000000E+00
       648  2.5000000E-02  0.0000000E+00
       649  2.5000000E-02  0.0000000E+00
       650  2.5000000E-02  0.0000000E+00
       651  2.5000000E-02  0.0000000E+00
       652  2.5000000E-02  0.0000000E+00
       653  2.5000000E-02  0.0000000E+00
       654  2.5000000E-02  0.0000000E+00
       655  2.5000000E-02  0.0000000E+00
       656  2.5000000E-02  0.0000000E+00
       657  2.5000000E-02  0.0000000E+00
       658  2.5000000E-02  0.0000000E+00
       659  2.5000000E-02  0.0000000E+00
       660  2.5000000E-02  0.0000000E+00
       661  2.5000000E-02  0.0000000E+00
       662  2.5000000E-02  0.0000000E+00
       663  2.5000000E-02  0.0000000E+00
       664  2.5000000E-02  0.0000000E+00
       665  2.5000000E-02  0.0000000E+00
       666  2.5000000E-02  0.0000000E+00
       667  2.5000000E-02  0.0000000E+00
       668  2.5000000E-02  0.0000000E+00
       669  2.5000000E-02  0.0000000E+00
       670  2.5000000E-02  0.0000000E+00
       671  2.5000000E-02  0.0000000E+00
       672  2.5000000E-02  0.0000000E+00
       673  2.5000000E-02  0.0000000E+00
       674  2.5000000E-02  0.0000000E+00
       675  2.5000000E-02  0.0000000E+00
       676  2.5000000E-02  0.0000000E+00
       677  2.5000000E-02  0.0000000E+00
       678  2.5000000E-02  0.0000000E+00
       679  2.5000000E-02  0.0000000E+00
       680  2.5000000E-02  0.0000000E+00
       681  2.5000000E-02  0.0000000E+00
       682  2.5000000E-02  0.0000000E+00
       683  2.5000000E-02  0.0000000E+00
       684  2.5000000E-02  0.0000000E+00
       685  2.5000000E-02  0.0000000E+00
       686  2.5000000E-02  0.0000000E+00
       687  2.5000000E-02  0.0000000E+00
       688  2.5000000E-02  0.0000000E+00
       689  2.5000000E-02  0.0000000E+00
       690  2.5000000E-02  0.0000000E+00
       691  2.5000000E-02  0.0000000E+00
       692  2.5000000E-02  0.0000000E+00
       693  2.5000000E-02  0.0000000E+00
       694  2.5000000E-02  0.0000000E+00
       695  2.5000000E-02  0.0000000E+00
       696  2.5000000E-02  0.0000000E+00
       697  2.5000000E-02  0.0000000E+00
       698  2.5000000E-02  0.0000000E+00
       699  2.5000000E-02  0.0000000E+00
       700  2.5000000E-02  0.0000000E+00
       701  2.5000000E-02  0.0000000E+00
       702  2.5000000E-02  0.0000000E+00
       703  2.5000000E-02  0.0000000E+00
       704  2.5000000E-02  0.0000000E+00
       705  2.5000000E-02  0.0000000E+00
       706  2.5000000E-02  0.0000000E+00
       707  2.5000000E-02  0.0000000E+00
       708  2.5000000E-02  0.0000000E+00
       709  2.5000000E-02  0.0000000E+00
       710  2.5000000E-02  0.0000000E+00
       711  2.5000000E-02  0.0000000E+00
       712  2.5000000E-02  0.0000000E+00
       713  2.5000000E-02  0.0000000E+00
       714  2.5000000E-02  0.0000000E+00
       715  2.5000000E-02  0.0000000E+00
       716  2.5000000E-02  0.0000000E+00
       717  2.5000000E-02  0.0000000E+00
       718  2.5000000E-02  0.0000000E+00
       719  2.5000000E-02  0.0000000E+00
       720  2.5000000E-02  0.0000000E+00
       721  2.5000000E-02  0.0000000E+00
       722  2.5000000E-02  0.0000000E+00
       723  2.5000000E-02  0.0000000E+00
       724  2.5000000E-02  0.0000000E+00
       725  2.5000000E-02  0.0000000E+00
       726  2.5000000E-02  0.0000000E+00
       727  2.5000000E-02  0.0000000E+00
       728  2.5000000E-02  0.0000000E+00
       729  2.5000000E-02  0.0000000E+00
       730  2.5000000E-02  0.0000000E+00
       731  2.5000000E-02  0.0000000E+00
       732  2.5000000E-02  0.0000000E+00
       733  2.5000000E-02  0.0000000E+00
       734  2.5000000E-02  0.0000000E+00
       735  2.5000000E-02  0.0000000E+00
       736  2.5000000E-02  0.0000000E+00
       737  2.5000000E-02  0.0000000E+00
       738  2.5000000E-02  0.0000000E+00
       739  2.5000000E-02  0.0000000E+00
       740  2.5000000E-02  0.0000000E+00
       741  2.5000000E-02  0.0000000E+00
       742  2.5000000E-02  0.0000000E+00
       743  2.5000000E-02  0.0000000E+00
       744  2.5000000E-02  0.0000000E+00
       745  2.5000000E-02  0.0000000E+00
       746  2.5000000E-02  0.0000000E+00
       747  2.5000000E-02  0.0000000E+00
       748  2.5000000E-02  0.0000000E+00
       749  2.5000000E-02  0.0000000E+00
       750  2.5000000E-02  0.0000000E+00
       751  2.5000000E-02  0.0000000E+00
       752  2.5000000E-02  0.0000000E+00
       753  2.5000000E-02  0.0000000E+00
       754  2.5000000E-02  0.0000000E+00
       755  2.5000000E-02  0.0000000E+00
       756  2.5000000E-02  0.0000000E+00
       757  2.5000000E-02  0.0000000E+00
       758  2.5000000E-02  0.0000000E+00
       759  2.5000000E-02  0.0000000E+00
       760  2.5000000E-02  0.0000000E+00
       761  2.5000000E-02  0.0000000E+00
       762  2.5000000E-02  0.0000000E+00
       763  2.5000000E-02  0.0000000E+00
       764  2.5000000E-02  0.0000000E+00
       765  2.5000000E-02  0.0000000E+00
       766  2.5000000E-02  0.0000000E+00
       767  2.5000000E-02  0.0000000E+00
       768  2.5000000E-02  0.0000000E+00
       769  2.5000000E-02  0.0000000E+00
       770  2.5000000E-02  0.0000000E+00
       771  2.5000000E-02  0.0000000E+00
       772  2.5000000E-02  0.0000000E+00
       773  2.5000000E-02  0.0000000E+00
       774  2.5000000E-02  0.0000000E+00
       775  2.5000000E-02  0.0000000E+00
       776  2.5000000E-02  0.0000000E+00
       777  2.5000000E-02  0.0000000E+00
       778  2.5000000E-02  0.0000000E+00
       779  2.5000000E-02  0.0000000E+00
       780  2.5000000E-02  0.0000000E+00
       781  2.5000000E-02  0.0000000E+00
       782  2.5000000E-02  0.0000000E+00
       783  2.5000000E-02  0.0000000E+00
       784  2.5000000E-02  0.0000000E+00
       785  2.5000000E-02  0.0000000E+00
       786  2.5000000E-02  0.0000000E+00
       787  2.5000000E-02  0.0000000E+00
       788  2.5000000E-02  0.0000000E+00
       789  2.5000000E-02  0.0000000E+00
       790  2.5000000E-02  0.0000000E+00
       791  2.5000000E-02  0.0000000E+00
       792  2.5000000E-02  0.0000000E+00
       793  2.5000000E-02  0.0000000E+00
       794  2.5000000E-02  0.0000000E+00
       795  2.5000000E-02  0.0000000E+00
       796  2.5000000E-02  0.0000000E+00
       797  2.5000000E-02  0.0000000E+00
       798  2.5000000E-02  0.0000000E+00
       799  2.5000000E-02  0.0000000E+00
       800  2.5000000E-02  0.0000000E+00
       801  2.5000000E-02  0.0000000E+00
       802  2.5000000E-02  0.0000000E+00
       803  2.5000000E-02  0.0000000E+00
       804  2.5000000E-02  0.0000000E+00
       805  2.5000000E-02  0.0000000E+00
       806  2.5000000E-02  0.0000000E+00
       807  2.5000000E-02  0.0000000E+00
       808  2.5000000E-02  0.0000000E+00
       809  2.5000000E-02  0.0000000E+00
       810  2.5000000E-02  0.0000000E+00
       811  2.5000000E-02  0.0000000E+00
       812  2.5000000E-02  0.0000000E+00
       813  2.5000000E-02  0.0000000E+00
       814  2.5000000E-02  0.0000000E+00
       815  2.5000000E-02  0.0000000E+00
       816  2.5000000E-02  0.0000000E+00
       817  2.5000000E-02  0.0000000E+00
       818  2.5000000E-02  0.0000000E+00
       819  2.5000000E-02  0.0000000E+00
       820  2.5000000E-02  0.0000000E+00
       821  2.5000000E-02  0.0000000E+00
       822  2.5000000E-02  0.0000000E+00
       823  2.5000000E-02  0.0000000E+00
       824  2.5000000E-02  0.0000000E+00
       825  2.5000000E-02  0.0000000E+00
       826  2.5000000E-02  0.0000000E+00
       827  2.5000000E-02  0.0000000E+00
       828  2.5000000E-02  0.0000000E+00
       829  2.5000000E-02  0.0000000E+00
       830  2.5000000E-02  0.0000000E+00
       831  2.5000000E-02  0.0000000E+00
       832  2.5000000E-02  0.0000000E+00
       833  2.5000000E-02  0.0000000E+00
       834  2.5000000E-02  0.0000000E+00
       835  2.5000000E-02  0.0000000E+00
       836  2.5000000E-02  0.0000000E+00
       837  2.5000000E-02  0.0000000E+00
       838  2.5000000E-02  0.0000000E+00
       839  2.5000000E-02  0.0000000E+00
       840  2.5000000E-02  0.0000000E+00
       841  2.5000000E-02  0.0000000E+00
       842  2.5000000E-02  0.0000000E+00
       843  2.5000000E-02  0.0000000E+00
       844  2.5000000E-02  0.0000000E+00
       845  2.5000000E-02  0.0000000E+00
       846  2.5000000E-02  0.0000000E+00
       847  2.5000000E-02  0.0000000E+00
       848  2.5000000E-02  0.0000000E+00
       849  2.5000000E-02  0.0000000E+00
       850  2.5000000E-02  0.0000000E+00
       851  2.5000000E-02  0.0000000E+00
       852  2.5000000E-02  0.0000000E+00
       853  2.5000000E-02  0.0000000E+00
       854  2.5000000E-02  0.0000000E+00
       855  2.5000000E-02  0.0000000E+00
       856  2.5000000E-02  0.0000000E+00
       857  2.5000000E-02  0.0000000E+00
       858  2.5000000E-02  0.0000000E+00
       859  2.5000000E-02  0.0000000E+00
       860  2.5000000E-02  0.0000000E+00
       861  2.5000000E-02  0.0000000E+00
       862  2.5000000E-02  0.0000000E+00
       863  2.5000000E-02  0.0000000E+00
       864  2.5000000E-02  0.0000000E+00
       865  2.5000000E-02  0.0000000E+00
       866  2.5000000E-02  0.0000000E+00
       867  2.5000000E-02  0.0000000E+00
       868  2.5000000E-02  0.0000000E+00
       869  2.5000000E-02  0.0000000E+00
       870  2.5000000E-02  0.0000000E+00
       871  2.5000000E-02  0.0000000E+00
       872  2.5000000E-02  0.0000000E+00
       873  2.5000000E-02  0.0000000E+00
       874  2.5000000E-02  0.0000000E+00
       875  2.5000000E-02  0.0000000E+00
       876  2.5000000E-02  0.0000000E+00
       877  2.5000000E-02  0.0000000E+00
       878  2.5000000E-02  0.0000000E+00
       879  2.5000000E-02  0.0000000E+00
       880  2.5000000E-02  0.0000000E+00
       881  2.5000000E-02  0.0000000E+00
       882  2.5000000E-02  0.0000000E+00
       883  2.5000000E-02  0.0000000E+00
       884  2.5000000E-02  0.0000000E+00
       885  2.5000000E-02  0.0000000E+00
       886  2.5000000E-02  0.0000000E+00
       887  2.5000000E-02  0.0000000E+00
       888  2.5000000E-02  0.0000000E+00
       889  2.5000000E-02  0.0000000E+00
       890  2.5000000E-02  0.0000000E+00
       891  2.5000000E-02  0.0000000E+00
       892  2.5000000E-02  0.0000000E+00
       893  2.5000000E-02  0.0000000E+00
       894  2.5000000E-02  0.0000000E+00
       895  2.5000000E-02  0.0000000E+00
       896  2.5000000E-02  0.0000000E+00
       897  2.5000000E-02  0.0000000E+00
       898  2.5000000E-02  0.0000000E+00
       899  2.5000000E-02  0.0000000E+00
       900  2.5000000E-02  0.0000000E+00
       901  2.5000000E-02  0.0000000E+00
       902  2.5000000E-02  0.0000000E+00
       903  2.5000000E-02  0.0000000E+00
       904  2.5000000E-02  0.0000000E+00
       905  2.5000000E-02  0.0000000E+00
       906  2.5000000E-02  0.0000000E+00
       907  2.5000000E-02  0.0000000E+00
       908  2.5000000E-02  0.0000000E+00
       909  2.5000000E-02  0.0000000E+00
       910  2.5000000E-02  0.0000000E+00
       911  2.5000000E-02  0.0000000E+00
       912  2.5000000E-02  0.0000000E+00
       913  2.5000000E-02  0.0000000E+00
       914  2.5000000E-02  0.0000000E+00
       915  2.5000000E-02  0.0000000E+00
       916  2.5000000E-02  0.0000000E+00
       917  2.5000000E-02  0.0000000E+00
       918  2.5000000E-02  0.0000000E+00
       919  2.5000000E-02  0.0000000E+00
       920  2.5000000E-02  0.0000000E+00
       921  2.5000000E-02  0.0000000E+00
       922  2.5000000E-02  0.0000000E+00
       923  2.5000000E-02  0.0000000E+00
       924  2.5000000E-02  0.0000000E+00
       925  2.5000000E-02  0.0000000E+00
       926  2.5000000E-02  0.0000000E+00
       927  2.5000000E-02  0.0000000E+00
       928  2.5000000E-02  0.0000000E+00
       929  2.5000000E-02  0.0000000E+00
       930  2.5000000E-02  0.0000000E+00
       931  2.5000000E-02  0.0000000E+00
       932  2.5000000E-02  0.0000000E+00
       933  2.5000000E-02  0.0000000E+00
       934  2.5000000E-02  0.0000000E+00
       935  2.5000000E-02  0.0000000E+00
       936  2.5000000E-02  0.0000000E+00
       937  2.5000000E-02  0.0000000E+00
       938  2.5000000E-02  0.0000000E+00
       939  2.5000000E-02  0.0000000E+00
       940  2.5000000E-02  0.0000000E+00
       941  2.5000000E-02  0.0000000E+00
       942  2.5000000E-02  0.0000000E+00
       943  2.5000000E-02  0.0000000E+00
       944  2.5000000E-02  0.0000000E+00
       945  2.5000000E-02  0.0000000E+00
       946  2.5000000E-02  0.0000000E+00
       947  2.5000000E-02  0.0000000E+00
       948  2.5000000E-02  0.0000000E+00
       949  2.5000000E-02  0.0000000E+00
       950  2.5000000E-02  0.0000000E+00
       951  2.5000000E-02  0.0000000E+00
       952  2.5000000E-02  0.0000000E+00
       953  2.5000000E-02  0.0000000E+00
       954  2.5000000E-02  0.0000000E+00
       955  2.5000000E-02  0.0000000E+00
       956  2.5000000E-02  0.0000000E+00
       957  2.5000000E-02  0.0000000E+00
       958  2.5000000E-02  0.0000000E+00
       959  2.5000000E-02  0.0000000E+00
       960  2.5000000E-02  0.0000000E+00
       961  2.5000000E-02  0.0000000E+00
       962  2.5000000E-02  0.0000000E+00
       963  2.5000000E-02  0.0000000E+00
       964  2.5000000E-02  0.0000000E+00
       965  2.5000000E-02  0.0000000E+00
       966  2.5000000E-02  0.0000000E+00
       967  2.5000000E-02  0.0000000E+00
       968  2.5000000E-02  0.0000000E+00
       969  2.5000000E-02  0.0000000E+00
       970  2.5000000E-02  0.0000000E+00
       971  2.5000000E-02  0.0000000E+00
       972  2.5000000E-02  0.0000000E+00
       973  2.5000000E-02  0.0000000E+00
       974  2.5000000E-02  0.0000000E+00
       975  2.5000000E-02  0.0000000E+00
       976  2.5000000E-02  0.0000000E+00
       977  2.5000000E-02  0.0000000E+00
       978  2.5000000E-02  0.0000000E+00
       979  2.5000000E-02  0.0000000E+00
       980  2.5000000E-02  0.0000000E+00
       981  2.5000000E-02  0.0000000E+00
       982  2.5000000E-02  0.0000000E+00
       983  2.5000000E-02  0.0000000E+00
       984  2.5000000E-02  0.0000000E+00
       985  2.5000000E-02  0.0000000E+00
       986  2.5000000E-02  0.0000000E+00
       987  2.5000000E-02  0.0000000E+00
       988  2.5000000E-02  0.0000000E+00
       989  2.5000000E-02  0.0000000E+00
       990  2.5000000E-02  0.0000000E+00
       991  2.5000000E-02  0.0000000E+00
       992  2.5000000E-02  0.0000000E+00
       993  2.5000000E-02  0.0000000E+00
       994  2.5000000E-02  0.0000000E+00
       995  2.5000000E-02  0.0000000E+00
       996  2.5000000E-02  0.0000000E+00
       997  2.5000000E-02  0.0000000E+00
       998  2.5000000E-02  0.0000000E+00
       999  2.5000000E-02  0.0000000E+00
      1000  2.5000000E-02  0.0000000E+00
      1001  2.5000000E-02  0.0000000E+00
      1002  2.5000000E-02  0.0000000E+00
      1003  2.5000000E-02  0.0000000E+00
      1004  2.5000000E-02  0.0000000E+00
      1005  2.5000000E-02  0.0000000E+00
      1006  2.5000000E-02  0.0000000E+00
      1007  2.5000000E-02  0.0000000E+00
      1008  2.5000000E-02  0.0000000E+00
      1009  2.5000000E-02  0.0000000E+00
      1010  2.5000000E-02  0.0000000E+00
      1011  2.5000000E-02  0.0000000E+00
      1012  2.5000000E-02  0.0000000E+00
      1013  2.5000000E-02  0.0000000E+00
      1014  2.5000000E-02  0.0000000E+00
      1015  2.5000000E-02  0.0000000E+00
      1016  2.5000000E-02  0.0000000E+00
      1017  2.5000000E-02  0.0000000E+00
      1018  2.5000000E-02  0.0000000E+00
      1019  2.5000000E-02  0.0000000E+00
      1020  2.5000000E-02  0.0000000E+00
      1021  2.5000000E-02  0.0000000E+00
      1022  2.5000000E-02  0.0000000E+00
      1023  2.5000000E-02  0.0000000E+00
      1024  2.5000000E-02  0.0000000E+00
      1025  2.5000000E-02  0.0000000E+00
      1026  2.5000000E-02  0.0000000E+00
      1027  2.5000000E-02  0.0000000E+00
      1028  2.5000000E-02  0.0000000E+00
      1029  2.5000000E-02  0.0000000E+00
      1030  2.5000000E-02  0.0000000E+00
      1031  2.5000000E-02  0.0000000E+00
      1032  2.5000000E-02  0.0000000E+00
      1033  2.5000000E-02  0.0000000E+00
      1034  2.5000000E-02  0.0000000E+00
      1035  2.5000000E-02  0.0000000E+00
      1036  2.5000000E-02  0.0000000E+00
      1037  2.5000000E-02  0.0000000E+00
      1038  2.5000000E-02  0.0000000E+00
      1039  2.5000000E-02  0.0000000E+00
      1040  2.5000000E-02  0.0000000E+00
      1041  2.5000000E-02  0.0000000E+00
      1042  2.5000000E-02  0.0000000E+00
      1043  2.5000000E-02  0.0000000E+00
      1044  2.5000000E-02  0.0000000E+00
      1045  2.5000000E-02  0.0000000E+00
      1046  2.5000000E-02  0.0000000E+00
      1047  2.5000000E-02  0.0000000E+00
      1048  2.5000000E-02  0.0000000E+00
      1049  2.5000000E-02  0.0000000E+00
      1050  2.5000000E-02  0.0000000E+00
      1051  2.5000000E-02  0.0000000E+00
      1052  2.5000000E-02  0.0000000E+00
      1053  2.5000000E-02  0.0000000E+00
      1054  2.5000000E-02  0.0000000E+00
      1055  2.5000000E-02  0.0000000E+00
      1056  2.5000000E-02  0.0000000E+00
      1057  2.5000000E-02  0.0000000E+00
      1058  2.5000000E-02  0.0000000E+00
      1059  2.5000000E-02  0.0000000E+00
      1060  2.5000000E-02  0.0000000E+00
      1061  2.5000000E-02  0.0000000E+00
      1062  2.5000000E-02  0.0000000E+00
      1063  2.5000000E-02  0.0000000E+00
      1064  2.5000000E-02  0.0000000E+00
      1065  2.5000000E-02  0.0000000E+00
      1066  2.5000000E-02  0.0000000E+00
      1067  2.5000000E-02  0.0000000E+00
      1068  2.5000000E-02  0.0000000E+00
      1069  2.5000000E-02  0.0000000E+00
      1070  2.5000000E-02  0.0000000E+00
      1071  2.5000000E-02  0.0000000E+00
      1072  2.5000000E-02  0.0000000E+00
      1073  2.5000000E-02  0.0000000E+00
      1074  2.5000000E-02  0.0000000E+00
      1075  2.5000000E-02  0.0000000E+00
      1076  2.5000000E-02  0.0000000E+00
      1077  2.5000000E-02  0.0000000E+00
      1078  2.5000000E-02  0.0000000E+00
      1079  2.5000000E-02  0.0000000E+00
      1080  2.5000000E-02  0.0000000E+00
      1081  2.5000000E-02  0.0000000E+00
      1082  2.5000000E-02  0.0000000E+00
      1083  2.5000000E-02  0.0000000E+00
      1084  2.5000000E-02  0.0000000E+00
      1085  2.5000000E-02  0.0000000E+00
      1086  2.5000000E-02  0.0000000E+00
      1087  2.5000000E-02  0.0000000E+00
      1088  2.5000000E-02  0.0000000E+00
      1089  2.5000000E-02  0.0000000E+00
      1090  2.5000000E-02  0.0000000E+00
      1091  2.5000000E-02  0.0000000E+00
      1092  2.5000000E-02  0.0000000E+00
      1093  2.5000000E-02  0.0000000E+00
      1094  2.5000000E-02  0.0000000E+00
      1095  2.5000000E-02  0.0000000E+00
      1096  2.5000000E-02  0.0000000E+00
      1097  2.5000000E-02  0.0000000E+00
      1098  2.5000000E-02  0.0000000E+00
      1099  2.5000000E-02  0.0000000E+00
      1100  2.5000000E-02  0.0000000E+00
      1101  2.5000000E-02  0.0000000E+00
      1102  2.5000000E-02  0.0000000E+00
      1103  2.5000000E-02  0.0000000E+00
      1104  2.5000000E-02  0.0000000E+00
      1105  2.5000000E-02  0.0000000E+00
      1106  2.5000000E-02  0.0000000E+00
      1107  2.5000000E-02  0.0000000E+00
      1108  2.5000000E-02  0.0000000E+00
      1109  2.5000000E-02  0.0000000E+00
      1110  2.5000000E-02  0.0000000E+00
      1111  2.5000000E-02  0.0000000E+00
      1112  2.5000000E-02  0.0000000E+00
      1113  2.5000000E-02  0.0000000E+00
      1114  2.5000000E-02  0.0000000E+00
      1115  2.5000000E-02  0.0000000E+00
      1116  2.5000000E-02  0.0000000E+00
      1117  2.5000000E-02  0.0000000E+00
      1118  2.5000000E-02  0.0000000E+00
      1119  2.5000000E-02  0.0000000E+00
      1120  2.5000000E-02  0.0000000E+00
      1121  2.5000000E-02  0.0000000E+00
      1122  2.5000000E-02  0.0000000E+00
      1123  2.5000000E-02  0.0000000E+00
      1124  2.5000000E-02  0.0000000E+00
      1125  2.5000000E-02  0.0000000E+00
      1126  2.5000000E-02  0.0000000E+00
      1127  2.5000000E-02  0.0000000E+00
      1128  2.5000000E-02  0.0000000E+00
      1129  2.5000000E-02  0.0000000E+00
      1130  2.5000000E-02  0.0000000E+00
      1131  2.5000000E-02  0.0000000E+00
      1132  2.5000000E-02  0.0000000E+00
      1133  2.5000000E-02  0.0000000E+00
      1134  2.5000000E-02  0.0000000E+00
      1135  2.5000000E-02  0.0000000E+00
      1136  2.5000000E-02  0.0000000E+00
      1137  2.5000000E-02  0.0000000E+00
      1138  2.5000000E-02  0.0000000E+00
      1139  2.5000000E-02  0.0000000E+00
      1140  2.5000000E-02  0.0000000E+00
      1141  2.5000000E-02  0.0000000E+00
      1142  2.5000000E-02  0.0000000E+00
      1143  2.5000000E-02  0.0000000E+00
      1144  2.5000000E-02  0.0000000E+00
      1145  2.5000000E-02  0.0000000E+00
      1146  2.5000000E-02  0.0000000E+00
      1147  2.5000000E-02  0.0000000E+00
      1148  2.5000000E-02  0.0000000E+00
      1149  2.5000000E-02  0.0000000E+00
      1150  2.5000000E-02  0.0000000E+00
      1151  2.5000000E-02  0.0000000E+00
      1152  2.5000000E-02  0.0000000E+00
      1153  2.5000000E-02  0.0000000E+00
      1154  2.5000000E-02  0.0000000E+00
      1155  2.5000000E-02  0.0000000E+00
      1156  2.5000000E-02  0.0000000E+00
      1157  2.5000000E-02  0.0000000E+00
      1158  2.5000000E-02  0.0000000E+00
      1159  2.5000000E-02  0.0000000E+00
      1160  2.5000000E-02  0.0000000E+00
      1161  2.5000000E-02  0.0000000E+00
      1162  2.5000000E-02  0.0000000E+00
      1163  2.5000000E-02  0.0000000E+00
      1164  2.5000000E-02  0.0000000E+00
      1165  2.5000000E-02  0.0000000E+00
      1166  2.5000000E-02  0.0000000E+00
      1167  2.5000000E-02  0.0000000E+00
      1168  2.5000000E-02  0.0000000E+00
      1169  2.5000000E-02  0.0000000E+00
      1170  2.5000000E-02  0.0000000E+00
      1171  2.5000000E-02  0.0000000E+00
      1172  2.5000000E-02  0.0000000E+00
      1173  2.5000000E-02  0.0000000E+00
      1174  2.5000000E-02  0.0000000E+00
      1175  2.5000000E-02  0.0000000E+00
      1176  2.5000000E-02  0.0000000E+00
      1177  2.5000000E-02  0.0000000E+00
      1178  2.5000000E-02  0.0000000E+00
      1179  2.5000000E-02  0.0000000E+00
      1180  2.5000000E-02  0.0000000E+00
      1181  2.5000000E-02  0.0000000E+00
      1182  2.5000000E-02  0.0000000E+00
      1183  2.5000000E-02  0.0000000E+00
      1184  2.5000000E-02  0.0000000E+00
      1185  2.5000000E-02  0.0000000E+00
      1186  2.5000000E-02  0.0000000E+00
      1187  2.5000000E-02  0.0000000E+00
      1188  2.5000000E-02  0.0000000E+00
      1189  2.5000000E-02  0.0000000E+00
      1190  2.5000000E-02  0.0000000E+00
      1191  2.5000000E-02  0.0000000E+00
      1192  2.5000000E-02  0.0000000E+00
      1193  2.5000000E-02  0.0000000E+00
      1194  2.5000000E-02  0.0000000E+00
      1195  2.5000000E-02  0.0000000E+00
      1196  2.5000000E-02  0.0000000E+00
      1197  2.5000000E-02  0.0000000E+00
      1198  2.5000000E-02  0.0000000E+00
      1199  2.5000000E-02  0.0000000E+00
      1200  2.5000000E-02  0.0000000E+00
      1201  2.5000000E-02  0.0000000E+00
      1202  2.5000000E-02  0.0000000E+00
      1203  2.5000000E-02  0.0000000E+00
      1204  2.5000000E-02  0.0000000E+00
      1205  2.5000000E-02  0.0000000E+00
      1206  2.5000000E-02  0.0000000E+00
      1207  2.5000000E-02  0.0000000E+00
      1208  2.5000000E-02  0.0000000E+00
      1209  2.5000000E-02  0.0000000E+00
      1210  2.5000000E-02  0.0000000E+00
      1211  2.5000000E-02  0.0000000E+00
      1212  2.5000000E-02  0.0000000E+00
      1213  2.5000000E-02  0.0000000E+00
      1214  2.5000000E-02  0.0000000E+00
      1215  2.5000000E-02  0.0000000E+00
      1216  2.5000000E-02  0.0000000E+00
      1217  2.5000000E-02  0.0000000E+00
      1218  2.5000000E-02  0.0000000E+00
      1219  2.5000000E-02  0.0000000E+00
      1220  2.5000000E-02  0.0000000E+00
      1221  2.5000000E-02  0.0000000E+00
      1222  2.5000000E-02  0.0000000E+00
      1223  2.5000000E-02  0.0000000E+00
      1224  2.5000000E-02  0.0000000E+00
      1225  2.5000000E-02  0.0000000E+00
      1226  2.5000000E-02  0.0000000E+00
      1227  2.5000000E-02  0.0000000E+00
      1228  2.5000000E-02  0.0000000E+00
      1229  2.5000000E-02  0.0000000E+00
      1230  2.5000000E-02  0.0000000E+00
      1231  2.5000000E-02  0.0000000E+00
      1232  2.5000000E-02  0.0000000E+00
      1233  2.5000000E-02  0.0000000E+00
      1234  2.5000000E-02  0.0000000E+00
      1235  2.5000000E-02  0.0000000E+00
      1236  2.5000000E-02  0.0000000E+00
      1237  2.5000000E-02  0.0000000E+00
      1238  2.5000000E-02  0.0000000E+00
      1239  2.5000000E-02  0.0000000E+00
      1240  2.5000000E-02  0.0000000E+00
      1241  2.5000000E-02  0.0000000E+00
      1242  2.5000000E-02  0.0000000E+00
      1243  2.5000000E-02  0.0000000E+00
      1244  2.5000000E-02  0.0000000E+00
      1245  2.5000000E-02  0.0000000E+00
      1246  2.5000000E-02  0.0000000E+00
      1247  2.5000000E-02  0.0000000E+00
      1248  2.5000000E-02  0.0000000E+00
      1249  2.5000000E-02  0.0000000E+00
      1250  2.5000000E-02  0.0000000E+00
      1251  2.5000000E-02  0.0000000E+00
      1252  2.5000000E-02  0.0000000E+00
      1253  2.5000000E-02  0.0000000E+00
      1254  2.5000000E-02  0.0000000E+00
      1255  2.5000000E-02  0.0000000E+00
      1256  2.5000000E-02  0.0000000E+00
      1257  2.5000000E-02  0.0000000E+00
      1258  2.5000000E-02  0.0000000E+00
      1259  2.5000000E-02  0.0000000E+00
      1260  2.5000000E-02  0.0000000E+00
      1261  2.5000000E-02  0.0000000E+00
      1262  2.5000000E-02  0.0000000E+00
      1263  2.5000000E-02  0.0000000E+00
      1264  2.5000000E-02  0.0000000E+00
      1265  2.5000000E-02  0.0000000E+00
      1266  2.5000000E-02  0.0000000E+00
      1267  2.5000000E-02  0.0000000E+00
      1268  2.5000000E-02  0.0000000E+00
      1269  2.5000000E-02  0.0000000E+00
      1270  2.5000000E-02  0.0000000E+00
      1271  2.5000000E-02  0.0000000E+00
      1272  2.5000000E-02  0.0000000E+00
      1273  2.5000000E-02  0.0000000E+00
      1274  2.5000000E-02  0.0000000E+00
      1275  2.5000000E-02  0.0000000E+00
      1276  2.5000000E-02  0.0000000E+00
      1277  2.5000000E-02  0.0000000E+00
      1278  2.5000000E-02  0.0000000E+00
      1279  2.5000000E-02  0.0000000E+00
      1280  2.5000000E-02  0.0000000E+00
      1281  2.5000000E-02  0.0000000E+00
      1282  2.5000000E-02  0.0000000E+00
      1283  2.5000000E-02  0.0000000E+00
      1284  2.5000000E-02  0.0000000E+00
      1285  2.5000000E-02  0.0000000E+00
      1286  2.5000000E-02  0.0000000E+00
      1287  2.5000000E-02  0.0000000E+00
      1288  2.5000000E-02  0.0000000E+00
      1289  2.5000000E-02  0.0000000E+00
      1290  2.5000000E-02  0.0000000E+00
      1291  2.5000000E-02  0.0000000E+00
      1292  2.5000000E-02  0.0000000E+00
      1293  2.5000000E-02  0.0000000E+00
      1294  2.5000000E-02  0.0000000E+00
      1295  2.5000000E-02  0.0000000E+00
      1296  2.5000000E-02  0.0000000E+00
      1297  2.5000000E-02  0.0000000E+00
      1298  2.5000000E-02  0.0000000E+00
      1299  2.5000000E-02  0.0000000E+00
      1300  2.5000000E-02  0.0000000E+00
      1301  2.5000000E-02  0.0000000E+00
      1302  2.5000000E-02  0.0000000E+00
      1303  2.5000000E-02  0.0000000E+00
      1304  2.5000000E-02  0.0000000E+00
      1305  2.5000000E-02  0.0000000E+00
      1306  2.5000000E-02  0.0000000E+00
      1307  2.5000000E-02  0.0000000E+00
      1308  2.5000000E-02  0.0000000E+00
      1309  2.5000000E-02  0.0000000E+00
      1310  2.5000000E-02  0.0000000E+00
      1311  2.5000000E-02  0.0000000E+00
      1312  2.5000000E-02  0.0000000E+00
      1313  2.5000000E-02  0.0000000E+00
      1314  2.5000000E-02  0.0000000E+00
      1315  2.5000000E-02  0.0000000E+00
      1316  2.5000000E-02  0.0000000E+00
      1317  2.5000000E-02  0.0000000E+00
      1318  2.5000000E-02  0.0000000E+00
      1319  2.5000000E-02  0.0000000E+00
      1320  2.5000000E-02  0.0000000E+00
      1321  2.5000000E-02  0.0000000E+00
      1322  2.5000000E-02  0.0000000E+00
      1323  2.5000000E-02  0.0000000E+00
      1324  2.5000000E-02  0.0000000E+00
      1325  2.5000000E-02  0.0000000E+00
      1326  2.5000000E-02  0.0000000E+00
      1327  2.5000000E-02  0.0000000E+00
      1328  2.5000000E-02  0.0000000E+00
      1329  2.5000000E-02  0.0000000E+00
      1330  2.5000000E-02  0.0000000E+00
      1331  2.5000000E-02  0.0000000E+00
      1332  2.5000000E-02  0.0000000E+00
      1333  2.5000000E-02  0.0000000E+00
      1334  2.5000000E-02  0.0000000E+00
      1335  2.5000000E-02  0.0000000E+00
      1336  2.5000000E-02  0.0000000E+00
      1337  2.5000000E-02  0.0000000E+00
      1338  2.5000000E-02  0.0000000E+00
      1339  2.5000000E-02  0.0000000E+00
      1340  2.5000000E-02  0.0000000E+00
      1341  2.5000000E-02  0.0000000E+00
      1342  2.5000000E-02  0.0000000E+00
      1343  2.5000000E-02  0.0000000E+00
      1344  2.5000000E-02  0.0000000E+00
      1345  2.5000000E-02  0.0000000E+00
      1346  2.5000000E-02  0.0000000E+00
      1347  2.5000000E-02  0.0000000E+00
      1348  2.5000000E-02  0.0000000E+00
      1349  2.5000000E-02  0.0000000E+00
      1350  2.5000000E-02  0.0000000E+00
      1351  2.5000000E-02  0.0000000E+00
      1352  2.5000000E-02  0.0000000E+00
      1353  2.5000000E-02  0.0000000E+00
      1354  2.5000000E-02  0.0000000E+00
      1355  2.5000000E-02  0.0000000E+00
      1356  2.5000000E-02  0.0000000E+00
      1357  2.5000000E-02  0.0000000E+00
      1358  2.5000000E-02  0.0000000E+00
      1359  2.5000000E-02  0.0000000E+00
      1360  2.5000000E-02  0.0000000E+00
      1361  2.5000000E-02  0.0000000E+00
      1362  2.5000000E-02  0.0000000E+00
      1363  2.5000000E-02  0.0000000E+00
      1364  2.5000000E-02  0.0000000E+00
      1365  2.5000000E-02  0.0000000E+00
      1366  2.5000000E-02  0.0000000E+00
      1367  2.5000000E-02  0.0000000E+00
      1368  2.5000000E-02  0.0000000E+00
      1369  2.5000000E-02  0.0000000E+00
      1370  2.5000000E-02  0.0000000E+00
      1371  2.5000000E-02  0.0000000E+00
      1372  2.5000000E-02  0.0000000E+00
      1373  2.5000000E-02  0.0000000E+00
      1374  2.5000000E-02  0.0000000E+00
      1375  2.5000000E-02  0.0000000E+00
      1376  2.5000000E-02  0.0000000E+00
      1377  2.5000000E-02  0.0000000E+00
      1378  2.5000000E-02  0.0000000E+00
      1379  2.5000000E-02  0.0000000E+00
      1380  2.5000000E-02  0.0000000E+00
      1381  2.5000000E-02  0.0000000E+00
      1382  2.5000000E-02  0.0000000E+00
      1383  2.5000000E-02  0.0000000E+00
      1384  2.5000000E-02  0.0000000E+00
      1385  2.5000000E-02  0.0000000E+00
      1386  2.5000000E-02  0.0000000E+00
      1387  2.5000000E-02  0.0000000E+00
      1388  2.5000000E-02  0.0000000E+00
      1389  2.5000000E-02  0.0000000E+00
      1390  2.5000000E-02  0.0000000E+00
      1391  2.5000000E-02  0.0000000E+00
      1392  2.5000000E-02  0.0000000E+00
      1393  2.5000000E-02  0.0000000E+00
      1394  2.5000000E-02  0.0000000E+00
      1395  2.5000000E-02  0.0000000E+00
      1396  2.5000000E-02  0.0000000E+00
      1397  2.5000000E-02  0.0000000E+00
      1398  2.5000000E-02  0.0000000E+00
      1399  2.5000000E-02  0.0000000E+00
      1400  2.5000000E-02  0.0000000E+00
      1401  2.5000000E-02  0.0000000E+00
      1402  2.5000000E-02  0.0000000E+00
      1403  2.5000000E-02  0.0000000E+00
      1404  2.5000000E-02  0.0000000E+00
      1405  2.5000000E-02  0.0000000E+00
      1406  2.5000000E-02  0.0000000E+00
      1407  2.5000000E-02  0.0000000E+00
      1408  2.5000000E-02  0.0000000E+00
      1409  2.5000000E-02  0.0000000E+00
      1410  2.5000000E-02  0.0000000E+00
      1411  2.5000000E-02  0.0000000E+00
      1412  2.5000000E-02  0.0000000E+00
      1413  2.5000000E-02  0.0000000E+00
      1414  2.5000000E-02  0.0000000E+00
      1415  2.5000000E-02  0.0000000E+00
      1416  2.5000000E-02  0.0000000E+00
      1417  2.5000000E-02  0.0000000E+00
      1418  2.5000000E-02  0.0000000E+00
      1419  2.5000000E-02  0.0000000E+00
      1420  2.5000000E-02  0.0000000E+00
      1421  2.5000000E-02  0.0000000E+00
      1422  2.5000000E-02  0.0000000E+00
      1423  2.5000000E-02  0.0000000E+00
      1424  2.5000000E-02  0.0000000E+00
      1425  2.5000000E-02  0.0000000E+00
      1426  2.5000000E-02  0.0000000E+00
      1427  2.5000000E-02  0.0000000E+00
      1428  2.5000000E-02  0.0000000E+00
      1429  2.5000000E-02  0.0000000E+00
      1430  2.5000000E-02  0.0000000E+00
      1431  2.5000000E-02  0.0000000E+00
      1432  2.5000000E-02  0.0000000E+00
      1433  2.5000000E-02  0.0000000E+00
      1434  2.5000000E-02  0.0000000E+00
      1435  2.5000000E-02  0.0000000E+00
      1436  2.5000000E-02  0.0000000E+00
      1437  2.5000000E-02  0.0000000E+00
      1438  2.5000000E-02  0.0000000E+00
      1439  2.5000000E-02  0.0000000E+00
      1440  2.5000000E-02  0.0000000E+00
      1441  2.5000000E-02  0.0000000E+00
      1442  2.5000000E-02  0.0000000E+00
      1443  2.5000000E-02  0.0000000E+00
      1444  2.5000000E-02  0.0000000E+00
      1445  2.5000000E-02  0.0000000E+00
      1446  2.5000000E-02  0.0000000E+00
      1447  2.5000000E-02  0.0000000E+00
      1448  2.5000000E-02  0.0000000E+00
      1449  2.5000000E-02  0.0000000E+00
      1450  2.5000000E-02  0.0000000E+00
      1451  2.5000000E-02  0.0000000E+00
      1452  2.5000000E-02  0.0000000E+00
      1453  2.5000000E-02  0.0000000E+00
      1454  2.5000000E-02  0.0000000E+00
      1455  2.5000000E-02  0.0000000E+00
      1456  2.5000000E-02  0.0000000E+00
      1457  2.5000000E-02  0.0000000E+00
      1458  2.5000000E-02  0.0000000E+00
      1459  2.5000000E-02  0.0000000E+00
      1460  2.5000000E-02  0.0000000E+00
      1461  2.5000000E-02  0.0000000E+00
      1462  2.5000000E-02  0.0000000E+00
      1463  2.5000000E-02  0.0000000E+00
      1464  2.5000000E-02  0.0000000E+00
      1465  2.5000000E-02  0.0000000E+00
      1466  2.5000000E-02  0.0000000E+00
      1467  2.5000000E-02  0.0000000E+00
      1468  2.5000000E-02  0.0000000E+00
      1469  2.5000000E-02  0.0000000E+00
      1470  2.5000000E-02  0.0000000E+00
      1471  2.5000000E-02  0.0000000E+00
      1472  2.5000000E-02  0.0000000E+00
      1473  2.5000000E-02  0.0000000E+00
      1474  2.5000000E-02  0.0000000E+00
      1475  2.5000000E-02  0.0000000E+00
      1476  2.5000000E-02  0.0000000E+00
      1477  2.5000000E-02  0.0000000E+00
      1478  2.5000000E-02  0.0000000E+00
      1479  2.5000000E-02  0.0000000E+00
      1480  2.5000000E-02  0.0000000E+00
      1481  2.5000000E-02  0.0000000E+00
      1482  2.5000000E-02  0.0000000E+00
      1483  2.5000000E-02  0.0000000E+00
      1484  2.5000000E-02  0.0000000E+00
      1485  2.5000000E-02  0.0000000E+00
      1486  2.5000000E-02  0.0000000E+00
      1487  2.5000000E-02  0.0000000E+00
      1488  2.5000000E-02  0.0000000E+00
      1489  2.5000000E-02  0.0000000E+00
      1490  2.5000000E-02  0.0000000E+00
      1491  2.5000000E-02  0.0000000E+00
      1492  2.5000000E-02  0.0000000E+00
      1493  2.5000000E-02  0.0000000E+00
      1494  2.5000000E-02  0.0000000E+00
      1495  2.5000000E-02  0.0000000E+00
      1496  2.5000000E-02  0.0000000E+00
      1497  2.5000000E-02  0.0000000E+00
      1498  2.5000000E-02  0.0000000E+00
      1499  2.5000000E-02  0.0000000E+00
      1500  2.5000000E-02  0.0000000E+00
      1501  2.5000000E-02  0.0000000E+00
      1502  2.5000000E-02  0.0000000E+00
      1503  2.5000000E-02  0.0000000E+00
      1504  2.5000000E-02  0.0000000E+00
      1505  2.5000000E-02  0.0000000E+00
      1506  2.5000000E-02  0.0000000E+00
      1507  2.5000000E-02  0.0000000E+00
      1508  2.5000000E-02  0.0000000E+00
      1509  2.5000000E-02  0.0000000E+00
      1510  2.5000000E-02  0.0000000E+00
      1511  2.5000000E-02  0.0000000E+00
      1512  2.5000000E-02  0.0000000E+00
      1513  2.5000000E-02  0.0000000E+00
      1514  2.5000000E-02  0.0000000E+00
      1515  2.5000000E-02  0.0000000E+00
      1516  2.5000000E-02  0.0000000E+00
      1517  2.5000000E-02  0.0000000E+00
      1518  2.5000000E-02  0.0000000E+00
      1519  2.5000000E-02  0.0000000E+00
      1520  2.5000000E-02  0.0000000E+00
      1521  2.5000000E-02  0.0000000E+00
      1522  2.5000000E-02  0.0000000E+00
      1523  2.5000000E-02  0.0000000E+00
      1524  2.5000000E-02  0.0000000E+00
      1525  2.5000000E-02  0.0000000E+00
      1526  2.5000000E-02  0.0000000E+00
      1527  2.5000000E-02  0.0000000E+00
      1528  2.5000000E-02  0.0000000E+00
      1529  2.5000000E-02  0.0000000E+00
      1530  2.5000000E-02  0.0000000E+00
      1531  2.5000000E-02  0.0000000E+00
      1532  2.5000000E-02  0.0000000E+00
      1533  2.5000000E-02  0.0000000E+00
      1534  2.5000000E-02  0.0000000E+00
      1535  2.5000000E-02  0.0000000E+00
      1536  2.5000000E-02  0.0000000E+00
      1537  2.5000000E-02  0.0000000E+00
      1538  2.5000000E-02  0.0000000E+00
      1539  2.5000000E-02  0.0000000E+00
      1540  2.5000000E-02  0.0000000E+00
      1541  2.5000000E-02  0.0000000E+00
      1542  2.5000000E-02  0.0000000E+00
      1543  2.5000000E-02  0.0000000E+00
      1544  2.5000000E-02  0.0000000E+00
      1545  2.5000000E-02  0.0000000E+00
      1546  2.5000000E-02  0.0000000E+00
      1547  2.5000000E-02  0.0000000E+00
      1548  2.5000000E-02  0.0000000E+00
      1549  2.5000000E-02  0.0000000E+00
      1550  2.5000000E-02  0.0000000E+00
      1551  2.5000000E-02  0.0000000E+00
      1552  2.5000000E-02  0.0000000E+00
      1553  2.5000000E-02  0.0000000E+00
      1554  2.5000000E-02  0.0000000E+00
      1555  2.5000000E-02  0.0000000E+00
      1556  2.5000000E-02  0.0000000E+00
      1557  2.5000000E-02  0.0000000E+00
      1558  2.5000000E-02  0.0000000E+00
      1559  2.5000000E-02  0.0000000E+00
      1560  2.5000000E-02  0.0000000E+00
      1561  2.5000000E-02  0.0000000E+00
      1562  2.5000000E-02  0.0000000E+00
      1563  2.5000000E-02  0.0000000E+00
      1564  2.5000000E-02  0.0000000E+00
      1565  2.5000000E-02  0.0000000E+00
      1566  2.5000000E-02  0.0000000E+00
      1567  2.5000000E-02  0.0000000E+00
      1568  2.5000000E-02  0.0000000E+00
      1569  2.5000000E-02  0.0000000E+00
      1570  2.5000000E-02  0.0000000E+00
      1571  2.5000000E-02  0.0000000E+00
      1572  2.5000000E-02  0.0000000E+00
      1573  2.5000000E-02  0.0000000E+00
      1574  2.5000000E-02  0.0000000E+00
      1575  2.5000000E-02  0.0000000E+00
      1576  2.5000000E-02  0.0000000E+00
      1577  2.5000000E-02  0.0000000E+00
      1578  2.5000000E-02  0.0000000E+00
      1579  2.5000000E-02  0.0000000E+00
      1580  2.5000000E-02  0.0000000E+00
      1581  2.5000000E-02  0.0000000E+00
      1582  2.5000000E-02  0.0000000E+00
      1583  2.5000000E-02  0.0000000E+00
      1584  2.5000000E-02  0.0000000E+00
      1585  2.5000000E-02  0.0000000E+00
      1586  2.5000000E-02  0.0000000E+00
      1587  2.5000000E-02  0.0000000E+00
      1588  2.5000000E-02  0.0000000E+00
      1589  2.5000000E-02  0.0000000E+00
      1590  2.5000000E-02  0.0000000E+00
      1591  2.5000000E-02  0.0000000E+00
      1592  2.5000000E-02  0.0000000E+00
      1593  2.5000000E-02  0.0000000E+00
      1594  2.5000000E-02  0.0000000E+00
      1595  2.5000000E-02  0.0000000E+00
      1596  2.5000000E-02  0.0000000E+00
      1597  2.5000000E-02  0.0000000E+00
      1598  2.5000000E-02  0.0000000E+00
      1599  2.5000000E-02  0.0000000E+00
      1600  2.5000000E-02  0.0000000E+00
