indexes
107
167
189
289
347
8747
8811
8867
8985
17002
17039
17100
17157
25676
25736
25794
25894
25958
26254
26315
34835
34951
35011
43028
43066
43126
43184
51762
51826
52121
52181
52241
52279
52301
52339
52399
60558
60979
61039
69050
69088
69208
69266
69571
77726
77904
78247
78307
78367
78423
86584
86644
87003
87061
95112
95172
95231
95591
103810
103870
104237
104292
104353
104393
104451
112969
113029
113089
121096
121136
121194
121254
121314
121376
121679
129778
129836
129896
130257
130414
130474
138489
138989
139049
139109
147126
147224
147284
147643
147702
155857
155981
156341
156401
156440
156499
164511
165075
165135
173150
173248
173308
173368
173667
173726
181830
181890
181948
182007
182305
182365
182463
182523
190600
191101
191161
199174
199233
199272
199332
199392
199452
199754
199815
207910
207970
208030
208273
208395
208453
208553
217187
225259
225358
225418
225719
225779
233936
233996
234056
234417
234477
234515
234575
242585
243213
251222
251320
251380
251440
251744
251865
259954
260017
260076
260321
260383
260443
260503
260541
260597
268614
268674
269237
277248
277309
277348
277408
277468
277528
277709
277769
277827
277887
286046
286348
286471
286531
286589
286629
294638
295262
303272
303392
303430
303490
303795
303855
303913
312072
312131
312493
312550
312611
320664
320783
329298
329358
329456
329478
329538
329818
329881
329939
338154
338397
338459
338577
338675
346685
346746
355324
355382
355442
355540
355783
355843
355902
355963
356021
364122
364541
364601
364659
372710
372772
372832
372892
372956
373335
381350
381408
381508
381568
381830
381871
381930
381991
382049
390146
390205
390569
390627
390687
398735
398796
398856
398916
407378
407436
407534
407594
407955
408019
408073
416532
416593
416653
416711
424759
424820
424880
425245
433400
433457
433521
433578
433638
433882
433980
434044
434099
442678
442738
450789
450847
451024
451208
451328
459424
459484
459548
459582
459604
459944
460121
468281
468644
468703
468762
476813
476871
476930
476991
477294
485449
485506
485626
486030
486090
486148
494728
502801
502839
502899
502956
503019
503079
503316
503435
511537
511597
511957
512018
512116
512176
520694
520753
520812
528863
528921
528981
529041
529101
529283
529403
529464
537501
537559
537619
537922
537982
538042
538102
538200
546776
546834
554849
554887
554947
555007
555368
563525
563585
563703
564068
564127
564167
564226
572802
572862
580871
580907
580969
581029
581089
581392
581451
581512
589613
589671
590032
590092
590130
590152
590190
590249
598884
606897
606930
607055
607115
607362
607482
615634
615693
615753
615814
616120
616180
616218
616240
616277
624912
632925
632962
633022
633081
633141
633444
641659
641721
641780
641841
642140
642200
642260
642298
650312
650373
650938
658947
659045
659105
659165
659529
659588
667743
667863
668046
668108
668226
668324
676339
676960
684975
685075
685135
685193
685549
685610
693713
693832
694192
694250
694310
694374
702362
702984
710999
711157
711217
711516
711696
719737
719797
719856
719917
720156
720216
720274
720334
728390
737025
737083
737123
737183
737243
737303
737484
737601
737662
745761
745821
745881
745941
746186
746246
746304
754410
754591
754655
755038
763047
763107
763167
763570
763629
763688
763746
771907
772209
772268
772326
772386
772423
780435
780617
780677
789073
789131
789171
789231
789534
789593
789656
789714
797868
798232
798292
798351
798410
806460
806519
806578
815100
815161
815278
815678
815742
815796
823897
824254
824313
824374
832489
832547
832606
833027
841125
841183
841244
841283
841644
841704
841764
841822
849980
850280
850340
850400
850458
858515
858573
858633
858990
867153
867330
