indexes
231
291
8807
8863
8923
8981
17043
17161
25732
25838
26199
26258
26322
26377
35007
43070
43188
43485
51758
51822
51878
51924
52177
52237
52343
60855
61035
69152
69270
77722
77780
77844
78251
86999
95116
95235
95595
95655
103806
103925
103986
104233
104288
104397
104455
113025
121092
121140
121258
121318
129892
129951
130012
130253
130313
130359
130478
139045
147122
147228
147288
147585
147647
155918
155977
156397
156444
156503
164515
165131
173252
173671
173730
181886
182003
182064
182301
182361
182421
182467
182527
191157
199229
199276
199336
199639
199701
199819
207966
208026
208509
217183
225196
225362
225422
225783
233992
234052
234112
234413
243209
251324
251748
251809
251869
259949
260013
260074
260134
260439
260499
268618
268678
277352
277412
277771
277831
286042
286407
286467
286585
286633
295258
303494
303799
303859
312068
312432
312489
312607
320668
329354
329410
329765
329943
338150
338455
338515
346689
355320
355436
355787
355847
355906
356025
364597
372714
381346
381512
381995
390201
390507
390683
390729
398800
407432
407492
407538
407598
407959
408023
408077
416533
416589
416707
424763
424884
433396
433452
433516
433574
433634
433818
433878
434103
442674
450791
450851
450911
451272
459600
459948
460008
460068
460125
468640
468699
468758
476875
476934
476995
485445
485563
485622
485974
486034
486094
494724
494782
502797
502843
502960
503320
503379
511533
511953
512074
512120
520749
528819
528867
528925
528985
529348
529407
537557
537613
537673
537918
537978
538038
538098
538144
538204
546772
554845
554951
555372
563581
564008
564064
564171
564230
572858
580973
581396
581516
589609
589727
590027
590088
590194
590253
606893
607001
607119
607426
615630
615691
616116
616222
616281
624908
632921
632966
633026
641655
641776
642078
642196
642302
650934
658943
659003
659049
659109
659169
659592
667739
667798
668106
668164
668282
668328
676956
684973
685079
685259
685553
693709
693769
694188
694306
694370
702366
711161
711581
711638
719793
720152
720272
720330
720376
728394
737079
737127
737187
737666
745817
745877
745937
746300
746360
754414
763043
763163
763268
763633
763750
772322
772427
780439
780561
789069
789126
789235
789597
789658
789722
797925
797985
798288
798347
798406
806523
806582
815096
815215
815335
815562
815622
815800
823893
824370
832551
832610
841121
841347
841648
841708
841826
849976
850396
858577
858934
858994
867149
867207
867267
867326
