indexes
271
331
8350
8524
8761
8822
8883
8941
9001
17084
17203
17264
17503
17563
25692
25750
26359
34372
34546
34907
34967
35025
43110
43169
43587
51718
51778
52383
60514
60574
60935
60995
69132
69192
69252
69555
77800
77864
77920
78351
78411
86600
86660
86837
86957
87017
87077
95096
95158
95278
95517
95635
95695
103765
103884
104309
104437
112985
113103
121120
121180
121240
121360
121603
121663
129791
129852
129911
129972
130399
138473
138883
138947
139005
139065
139123
147142
147208
147268
147390
147686
155877
156297
156357
156485
164495
164558
165091
165149
173166
173292
173352
173651
173711
173770
181846
181963
182381
182507
190524
190584
191117
191175
199190
199316
199376
199438
199741
199798
199859
207926
207986
208353
208409
208469
208537
216544
216666
217143
217203
225215
225342
225643
225703
225765
225823
233952
234373
234559
242569
243169
243229
251236
251363
251669
251728
251789
251849
259913
259973
260092
260335
260399
260459
260584
268658
268718
268778
268842
269253
277264
277392
277452
277752
277871
277931
286002
286066
286485
286545
294622
294742
294802
295103
295218
295279
303288
303841
303899
312028
312085
312508
312566
320648
320708
320766
320827
321123
321299
329314
329374
329745
329805
329865
329923
338110
338473
338533
338593
338659
346730
346850
347089
347150
347327
355340
355398
355887
355946
356005
364137
364198
364258
364495
364557
364675
372696
372756
372816
372876
372940
373351
381366
381424
381552
381917
381976
382035
390045
390102
390160
390523
390583
390643
398721
398780
398838
398900
407392
407452
407879
407939
408003
408059
416607
416667
416727
424806
424926
425226
425289
433412
433532
434026
434084
442329
442634
442752
450773
450833
450951
451015
451251
451312
459438
459499
459988
460048
468120
468297
468537
468659
468717
468778
476797
476855
476915
477037
477218
477278
477338
485464
485522
485703
486074
486134
494263
494684
494742
494802
502883
502943
503302
503360
503419
511493
512034
512160
520709
520770
520828
528847
528907
528965
529025
529087
529330
529447
537517
537575
537631
546198
546610
546670
546792
546850
554931
554991
555051
555412
555471
563541
563599
563659
563719
563779
564028
564142
564212
572221
572758
572818
572876
581013
581073
581316
581378
581436
581500
589569
589687
590234
598307
598900
606980
607041
607101
607466
615590
615648
615709
615769
624270
624391
624751
624808
624868
624928
633007
633066
633127
633368
633428
633488
633548
641614
641675
641734
642036
642096
642156
642216
650296
650477
650541
650894
650952
659454
659514
659571
659632
667699
667816
668062
668182
668242
668310
676323
684993
685059
685119
685179
685476
685593
693729
693786
694266
702346
702409
702466
703000
711015
711074
711201
711442
711502
711560
711621
711680
719753
719810
719871
720170
720232
720290
720350
728435
729023
737038
737227
737287
737588
737645
737706
745777
745837
746200
746320
754396
754455
754515
754575
755054
763063
763553
763614
763673
763732
772226
772282
772342
780419
780481
780539
780601
780661
781074
789086
789640
789704
789758
797825
797884
798185
798248
798307
798365
798426
806444
806503
806563
806624
815116
815175
815662
815726
815782
823853
823913
823973
824329
824388
824448
832473
832591
832891
833012
841141
841199
841688
841748
841806
849877
849937
850057
850296
850356
850416
850474
858499
858557
858617
858677
859034
867227
867286
