indexes
271
331
8350
8463
8524
8761
8822
8883
8941
9001
17084
17144
17203
17264
17443
17503
17563
25692
25750
26359
34372
34546
34907
34967
35025
43110
43169
43229
43587
51718
52383
60398
60514
60574
60935
60995
61053
69132
69192
69252
69555
69615
69675
77740
77800
77864
77920
78351
78411
86600
86660
86837
86897
86957
87017
87077
95096
95158
95217
95278
95517
95577
95635
95695
103765
103824
103884
104309
104437
112985
113043
113103
121120
121180
121240
121300
121360
121603
121663
129791
129852
129911
129972
130399
138473
138710
138883
138947
139005
139065
139123
147142
147208
147268
147390
147686
147746
155818
155877
156297
156357
156485
164495
164558
165091
165149
173166
173292
173352
173651
173711
173770
181846
181904
181963
182381
182507
190524
190584
191057
191117
191175
199190
199316
199376
199438
199741
199798
199859
207926
207986
208353
208409
208469
208537
216544
216606
216666
217143
217203
225215
225342
225643
225703
225765
225823
233952
234070
234130
234373
234559
242569
243169
243229
251236
251363
251669
251728
251789
251849
251909
259913
259973
260031
260092
260335
260399
260459
260584
268600
268658
268718
268778
268842
269017
269077
269253
277264
277392
277452
277752
277813
277871
277931
286002
286066
286365
286485
286545
294622
294682
294742
294802
295103
295218
295279
303288
303841
303899
312028
312085
312206
312506
312566
320648
320708
320766
320827
321123
321185
321299
329314
329374
329745
329805
329865
329923
329983
338110
338473
338533
338593
338659
346671
346730
346790
346850
347089
347150
347327
355340
355398
355887
355946
356005
364137
364198
364258
364495
364557
364615
364675
372696
372756
372816
372876
372940
373351
381366
381424
381552
381917
381976
382035
390045
390102
390160
390280
390523
390583
390643
398721
398780
398838
398900
407392
407452
407879
407939
408003
408059
416551
416607
416667
416727
424806
424866
424926
425226
425289
425405
433412
433532
434026
434084
442269
442329
442634
442692
442752
450773
450833
450951
451015
451251
451312
459438
459499
459988
460048
460108
468120
468176
468240
468297
468537
468659
468717
468778
476797
476855
476915
477037
477218
477278
477338
485522
485703
486074
486134
494263
494561
494625
494684
494742
494802
502883
502943
503302
503360
503419
511493
511551
512034
512160
520171
520347
520709
520770
520828
528847
528907
528965
529025
529087
529330
529390
529447
537517
537575
537631
538186
546198
546259
546610
546670
546792
546850
554931
554991
555051
555412
555471
563541
563599
563659
563719
563779
564028
564142
564212
572221
572636
572696
572758
572818
572876
581013
581073
581316
581378
581436
581500
581556
589569
589687
590234
598246
598307
598367
598779
598900
606980
607101
607466
607526
615590
615648
615709
615769
624270
624391
624451
624515
624751
624808
624868
624928
633007
633066
633127
633368
633428
633488
633548
641614
641675
641734
641855
642036
642096
642156
642216
650296
650477
650541
650894
650952
659454
659514
659571
659632
667699
667816
668062
668122
668182
668242
668310
676323
676800
676974
684993
685059
685119
685179
685476
685536
685593
693669
693729
693786
693846
694206
694266
702346
702409
702466
702529
702588
703000
711015
711074
711201
711442
711502
711560
711621
711680
719753
719810
719871
720170
720232
720290
728435
728964
729023
737038
737227
737287
737588
737645
737706
745777
745837
746138
746200
746320
754396
754455
754515
754575
754878
755054
763063
763553
763614
763673
763732
772226
772282
780419
780481
780539
780601
780661
781074
789086
789640
789704
789758
797825
797884
798185
798248
798307
798365
798426
806444
806503
806624
806865
815116
815175
815662
815726
815782
823853
823913
823973
824329
824388
824448
832473
832533
832591
832891
833012
841141
841199
841688
841748
841806
849819
849877
849937
849994
850057
850296
850356
850416
850474
858499
858557
858617
858677
859034
859094
867167
867227
867286
