indexes
109
169
187
229
247
307
309
8326
8365
8382
8428
8446
8548
8610
8785
8787
8845
8847
8905
8907
8965
8967
9023
17000
17059
17118
17120
17177
17179
17419
17421
17479
17481
17521
17539
17580
17598
17641
17659
17700
25714
25716
25774
25776
25836
25853
25896
25914
26095
26137
26155
26197
26215
26274
26335
34348
34350
34390
34408
34510
34869
34871
34929
34931
34989
34991
35049
43026
43068
43084
43086
43148
43150
43204
43206
43263
43441
43503
43505
43563
43565
43604
43665
43683
43721
43723
51740
51742
51800
51802
51880
51940
52161
52221
52239
52281
52299
52341
52359
60374
60376
60416
60436
60476
60478
60536
60538
60596
60598
60662
60897
60899
60957
60959
61015
61018
61077
61079
69048
69090
69108
69166
69168
69226
69228
69288
69469
69471
69531
69591
69593
69633
69651
69653
69693
69711
69752
77764
77766
77824
77884
77943
78189
78211
78249
78267
78309
78327
78369
78385
78387
86402
86404
86443
86461
86501
86503
86521
86562
86564
86622
86624
86684
86921
86939
86981
86983
87041
87043
87100
95074
95130
95132
95191
95193
95252
95254
95312
95491
95553
95611
95613
95671
95673
95731
95733
95771
103748
103787
103789
103848
103850
103909
104213
104272
104333
104351
104411
104413
112422
112424
112463
112481
112524
112545
112583
112885
112945
112947
112965
113007
113009
113067
113069
113125
121154
121156
121214
121216
121274
121276
121334
121517
121519
121577
121579
121581
121639
121699
121701
121741
121759
121799
121801
129813
129815
129876
129878
129935
129953
129996
130060
130237
130297
130315
130357
130375
130433
130435
138450
138452
138511
138513
138553
138571
138614
138632
138674
138738
138969
139027
139029
139087
139089
139146
139148
147166
147184
147243
147302
147304
147364
147606
147662
147664
147722
147724
147765
147783
147785
147825
155800
155836
155838
155900
155902
155959
155961
156022
156040
156082
156263
156321
156323
156381
156461
164474
164476
164531
164533
164596
164698
164762
164931
164950
164993
165011
165053
165055
165113
165115
165171
165173
173187
173203
173268
173326
173328
173386
173566
173630
173687
173689
173746
173748
173807
173809
173849
181868
181870
181928
181930
181987
181989
182048
182285
182303
182345
182405
182423
182483
190500
190502
190542
190560
190617
190621
190680
190682
190740
190742
190978
191019
191021
191039
191079
191081
191139
191141
191198
191200
199172
199213
199231
199274
199292
199352
199412
199597
199655
199657
199717
199774
199776
199835
199837
207848
207888
207890
207950
208008
208010
208070
208072
208134
208315
208373
208375
208433
208435
208493
208511
216522
216524
216580
216582
216624
216642
216702
217045
217063
217105
217123
217165
217167
217224
217226
220428
225239
225257
225300
225321
225378
225438
225677
225679
225737
225739
225799
225801
225841
225859
225861
225899
233874
233914
233916
233974
233976
234034
234036
234094
234155
234397
234399
234457
234475
234517
234535
242546
242548
242605
242607
242668
242969
243033
243131
243133
243151
243191
243193
243250
243252
251260
251262
251280
251338
251340
251398
251400
251458
251645
251709
251764
251766
251825
251885
251887
251925
259896
259934
259960
259996
259998
260055
260057
260116
260176
260178
260362
260423
260483
260485
260501
260543
260561
260599
268574
268576
268634
268636
268694
268696
268754
268756
268796
269053
269055
269095
269113
269155
269173
269216
269219
269273
269275
277289
277307
277350
277366
277368
277426
277428
277669
277733
277789
277847
277849
277907
277909
277973
285924
285926
285963
286024
286026
286085
286146
286206
286391
286449
286451
286509
286511
286569
286571
286587
286653
294598
294600
294658
294660
294700
294716
294719
294778
295079
295138
295140
295181
295240
295245
295301
295303
303312
303330
303372
303390
303450
303510
303815
303875
303877
303935
303937
303977
311950
311988
311990
312008
312050
312052
312109
312111
312170
312234
312413
312471
312473
312530
312532
312591
312650
315852
320624
320626
320684
320686
320748
320750
320803
321039
321103
321161
321163
321203
321221
321223
321263
321281
321320
321322
329338
329398
329413
329458
329476
329536
329721
329779
329781
329840
329899
329901
329959
329961
330001
337972
338026
338036
338072
338074
338092
338132
338134
338192
338194
338253
338439
338497
338499
338557
338559
338617
338635
338677
346646
346648
346705
346707
346766
346768
346826
346828
347065
347129
347131
347169
347187
347247
347289
347291
347309
347346
347348
355362
355364
355422
355439
355482
355500
355560
355743
355807
355861
355863
355922
355981
355983
364000
364002
364042
364060
364100
364102
364159
364161
364179
364220
364222
364282
364461
364519
364521
364579
364581
364639
364641
364699
372672
372674
372730
372732
372792
372794
372852
372854
372912
373153
373255
373273
373313
373315
373371
373373
381388
381390
381450
381468
381528
381813
381873
381891
381950
381952
382011
382013
390022
390024
390063
390065
390083
390124
390126
390183
390185
390246
390306
390547
390549
390607
390609
390667
390727
398696
398698
398755
398757
398816
398876
398878
398936
398938
399161
399179
399239
399241
399281
399299
399339
399341
399397
399399
407416
407418
407434
407476
407494
407536
407554
407614
407795
407855
407914
407973
407975
408033
408035
416048
416050
416089
416107
416150
416168
416208
416210
416268
416270
416334
416513
416571
416573
416631
416633
416691
416693
416751
424722
424761
424777
424779
424840
424842
424900
424902
424904
425145
425209
425265
425267
425325
425327
425367
425387
425423
425425
433436
433438
433498
433558
433862
433880
433922
433940
433982
434000
434002
434060
434062
438866
442071
442073
442108
442124
442173
442191
442231
442233
442251
442291
442293
442357
442537
442596
442598
442616
442656
442658
442716
442718
442775
442777
445979
450749
450807
450809
450867
450869
450927
450929
450989
451167
451228
451231
451288
451348
451350
451390
451408
451449
459460
459462
459525
459542
459602
459645
459663
459886
459964
460022
460024
460082
460084
468097
468099
468140
468158
468199
468201
468217
468259
468261
468319
468321
468381
468622
468624
468681
468683
468742
468744
468800
473566
476773
476831
476833
476891
476893
476950
477011
477013
477254
477314
477316
477356
477374
477416
477434
477476
485486
485488
485547
485549
485565
485606
485608
485667
485731
485870
485912
485929
485972
486050
486110
494125
494127
494165
494183
494245
494285
494287
494347
494407
494646
494706
494708
494766
494768
494824
502841
502859
502915
502918
502976
502978
503039
503276
503336
503338
503395
503397
503456
503458
503498
511515
511517
511575
511577
511636
511654
511697
511715
511761
511937
511955
511998
512058
512076
512136
520149
520151
520189
520207
520251
520269
520311
520329
520633
520670
520672
520731
520733
520792
520794
520851
520853
528823
528881
528883
528941
528943
529001
529003
529243
529304
529306
529364
529423
529425
529484
529486
529550
537539
537541
537599
537657
537675
537718
537736
537779
537962
537964
538022
538024
538040
538082
538142
538160
538162
546175
546177
546234
546236
546277
546295
546297
546337
546355
546652
546694
546712
546754
546815
546818
546873
554847
554889
554907
554967
555025
555027
555332
555388
555390
555447
555449
555490
555508
555548
563563
563565
563623
563625
563683
563685
563743
563803
563990
564048
564050
564107
564125
564187
572197
572199
572239
572257
572299
572321
572377
572419
572437
572720
572738
572780
572782
572840
572842
572899
580869
580909
580927
580989
581047
581049
581107
581109
581292
581352
581412
581414
581471
581532
581534
581572
589591
589593
589651
589653
589711
589771
590012
590072
590090
590132
590150
590192
590208
590210
598223
598225
598264
598282
598325
598346
598385
598403
598642
598744
598761
598804
598822
598862
598864
598921
598923
606932
606948
606950
607015
607017
607075
607077
607135
607322
607382
607384
607442
607502
607504
607544
607562
607626
615573
615612
615614
615673
615675
615733
615735
615792
615856
616040
616100
616118
616160
616178
616220
616238
624247
624249
624306
624308
624349
624367
624409
624427
624772
624790
624830
624832
624850
624890
624892
624949
624951
632923
632982
633040
633042
633101
633103
633161
633344
633403
633464
633466
633524
633526
633584
633586
633625
641599
641636
641638
641699
641701
641758
641760
641819
641879
642062
642120
642122
642180
642244
642258
642300
650273
650275
650332
650334
650393
650435
650453
650455
650494
650512
650558
650814
650856
650858
650876
650916
650918
650976
650978
658987
659005
659065
659107
659125
659183
659368
659432
659434
659490
659547
659549
659608
659610
659650
667621
667659
667661
667679
667721
667723
667782
667843
667903
668088
668146
668148
668206
668208
668266
668284
676299
676301
676359
676361
676401
676419
676421
676461
676479
676836
676878
676896
676937
676940
676996
676998
685017
685035
685095
685153
685155
685213
685390
685392
685452
685510
685512
685569
685571
685630
685632
685672
693651
693691
693693
693751
693753
693810
693812
693873
693937
694112
694170
694172
694230
694232
694290
694308
694372
702325
702327
702383
702385
702427
702445
702447
702505
702507
702783
702804
702844
702862
702902
702904
702922
702962
702964
703020
703022
711036
711053
711099
711117
711177
711237
711418
711478
711534
711536
711595
711597
711656
711658
719675
719715
719717
719775
719777
719834
719836
719895
719959
720194
720196
720254
720256
720314
720374
728351
728353
728410
728412
728453
728471
728473
728531
728533
728573
728886
728926
728928
728946
728986
728988
729006
729044
729046
737063
737081
737125
737143
737203
737261
737444
737506
737508
737564
737621
737623
737682
737684
745699
745739
745741
745799
745801
745859
745861
745919
745921
745981
746166
746224
746226
746284
746286
746302
746342
746362
746404
754371
754373
754430
754432
754473
754491
754493
754533
754551
754553
754611
754794
754854
754856
754896
754914
754916
754974
755017
755020
755075
755077
763087
763105
763147
763207
763225
763532
763534
763588
763590
763631
763647
763649
763708
763710
771725
771727
771765
771783
771825
771827
771885
771887
771947
772007
772186
772246
772248
772306
772308
772366
772384
772425
780397
780399
780455
780457
780517
780519
780577
780637
780639
780876
780918
780978
780996
781034
781037
781095
781097
789110
789112
789173
789191
789251
789311
789536
789613
789615
789674
789676
789734
789736
789775
797745
797747
797787
797805
797847
797849
797906
797908
797967
798211
798270
798272
798329
798331
798390
798392
798448
806421
806479
806481
806539
806541
806598
806661
806944
806962
806964
807004
807022
807061
807063
807081
807121
807123
815138
815140
815199
815201
815217
815258
815276
815518
815578
815638
815698
815756
815758
823775
823777
823816
823834
823875
823877
823937
823995
823997
824057
824291
824293
824352
824354
824416
824418
824471
832449
832507
832509
832567
832569
832628
832866
832868
832930
832932
832970
832988
832990
833047
833049
833108
833147
833149
841163
841165
841223
841225
841242
841303
841363
841606
841608
841664
841706
841724
841782
841784
849797
849799
849837
849839
849857
849899
849901
849958
849960
850021
850259
850318
850320
850378
850380
850438
850440
850498
850500
858475
858533
858535
858593
858595
858653
858889
858950
859010
859012
859052
859070
859072
859116
859130
859166
859168
867191
867193
867251
867310
867312
867328
867370
867388
867434
