indexes
329
8346
8408
8466
8528
17140
17260
17439
17499
17559
17620
17679
25694
34368
34490
34550
34911
43226
43463
43522
43583
43642
43705
51720
51780
60458
60518
60638
60879
60939
69188
69248
69611
69671
69733
77744
86421
86484
86543
86664
95154
95334
95513
95573
95633
95751
103769
103828
104433
112502
112989
113047
121296
121539
121601
121719
121781
129793
129856
138471
138593
138654
138949
139007
139067
147324
147684
147803
155879
155939
156241
164493
164678
164973
165153
173650
173827
181848
181908
182263
190580
190644
191061
191119
199677
199737
199796
199857
207870
207928
207988
208048
208350
216542
217027
217205
225761
225879
233896
233954
234074
242568
243053
243109
243231
251787
251905
259917
259975
260035
268714
268834
269073
269133
269255
277267
277809
277869
277927
285941
286006
286124
286489
294620
294798
295099
295158
295221
295281
303897
303955
311970
312089
312150
312214
312391
312510
320646
320823
321124
321181
321241
321303
329801
329921
337991
338053
338055
338114
338477
346786
346906
347085
347149
347207
355342
355883
356003
364020
364082
364140
364202
364262
364619
372692
373113
373173
373353
381368
381972
382033
390041
390163
390587
398717
398778
398896
399199
399259
399321
399381
408055
416067
416130
416190
416250
416548
424801
425345
433416
434082
442090
442149
442213
442273
442337
442638
450947
451252
451368
451428
451430
459503
460104
468118
468181
468241
468541
468661
468725
476853
476913
476970
477274
477334
477394
477454
494143
494207
494267
494327
494622
502938
503476
511495
511555
520167
520229
520772
529263
529326
529386
529443
529504
537519
546196
546255
546798
555047
555467
563543
563783
572217
572279
572762
572820
581374
581434
581493
581552
589571
589631
598303
598844
598902
607097
607404
607464
607522
607582
607646
615653
615773
615837
624268
624752
624930
633062
633183
633364
633486
633604
641618
641679
641738
641799
641859
642100
650294
650352
650413
650834
650838
650902
650956
659390
659449
659569
667641
667703
667821
668126
676321
676379
676858
676978
685175
685472
685532
685591
685650
693731
693790
694210
702344
702525
703004
711438
711498
711678
719697
719755
719814
719875
720114
720234
728372
728431
728491
728968
737464
737528
737584
737643
737704
745721
745779
745839
745899
745961
746204
754392
754450
754874
754934
754996
755056
763610
763730
771743
771807
772286
780417
780597
780896
780956
781076
789090
789696
797765
797767
797829
797886
797947
798370
806501
806920
806982
807043
815118
815778
823794
823857
823975
832529
832887
832951
833067
833130
841143
841804
849815
849881
850418
858555
858673
859030
859090
859150
859214
