indexes
353
8324
8380
8388
8430
8489
17226
17525
17584
17596
17702
25670
34394
34406
34512
34524
34572
34945
43549
43608
43620
43725
60420
60434
60480
60492
60552
60612
60913
60973
86400
86459
86566
86923
86935
95717
103744
112540
112599
112961
121685
121697
121757
121803
138509
138555
138567
138616
138676
138926
138971
138983
147708
147769
147827
164580
164640
164652
164948
173793
173805
173851
181824
190546
190558
190606
190622
190678
190738
191083
191095
199880
207846
207892
207904
216640
216688
217047
217061
217107
225845
225857
233870
242666
243031
243147
259892
268740
268800
269051
269111
269231
277893
277950
285922
285965
285977
294704
294824
295124
295136
311992
312004
320730
320789
321147
321159
321219
321265
321277
330005
337970
338076
338088
346752
346764
346871
347173
347233
347245
347293
347305
364104
364116
364175
364535
372778
372898
373211
373317
373329
382055
390067
390079
390138
398862
398874
399177
399237
399283
399297
399347
399355
399401
416046
416105
416212
425251
425311
425371
442069
442133
442175
442235
442247
442295
442612
451334
451346
451406
459419
468218
468383
468576
477240
477312
477360
477372
477418
477430
477478
494123
494229
494241
494660
503442
503454
503500
511471
520313
520373
520387
520674
520688
529470
529482
537495
546293
546399
546696
546756
555314
555494
555506
555550
563519
572243
572255
572303
572319
572722
572734
572796
581576
598280
598329
598344
598401
598461
598686
598745
598806
598818
598878
607488
607552
607560
615569
624292
624351
624365
624413
624774
624786
624846
633570
641595
650318
650330
650379
650451
650498
650752
650860
650872
659654
667663
667675
676345
676357
676417
676463
676477
676523
676537
676774
676834
685616
685628
702431
702443
702491
702799
702906
702966
702978
711702
719719
719731
728457
728469
728529
728810
728884
728930
728990
729002
737726
745755
754477
754489
754537
754597
754661
754852
754900
754912
754972
755019
755032
771723
771767
771841
771901
771961
780874
780980
780992
781052
789779
797743
797789
797801
797862
806647
806903
806960
807065
807077
823773
823818
823830
824247
832614
832675
832974
833033
833045
849841
849853
850035
850334
858639
859056
859068
