indexes
349
8328
8384
8426
8448
8485
17578
17600
17639
17661
17698
25674
34410
34448
34508
34530
34949
43545
43624
43663
51700
60438
60496
60556
60857
60977
69513
69573
69691
69713
69750
77724
86463
86582
86642
86919
87001
95233
95712
95769
103808
112483
112547
112581
112603
112967
113027
121316
121681
121761
129776
138491
138551
138573
138987
139047
147583
147645
147704
147823
164576
164598
164636
164929
164991
165073
173669
173728
173789
173847
181828
190562
190602
191099
199817
199876
207850
207908
216562
216622
216644
217043
217065
217103
225781
225897
233934
242648
242670
242708
242730
243091
251867
251923
259951
268676
269153
269175
269235
277889
285961
286044
286103
294640
294760
295119
295201
295260
303916
312070
320726
320785
321201
321261
321283
337974
338038
338152
346748
347249
347287
364040
364120
364539
372774
372834
372894
373193
373215
373253
373275
373333
381348
382051
390144
390264
390509
398798
398858
398918
399279
399301
399359
416109
416148
416228
424882
425187
425247
425307
434101
442106
442126
442171
442311
442676
450849
450909
451210
451330
451410
451447
459422
460123
468138
468160
468279
468339
476932
477296
477414
477436
477474
494185
494225
494305
494365
494664
503257
503318
503437
503496
511475
520187
520209
520271
520309
520331
520692
529286
529405
529466
529522
537499
546216
546275
546335
546357
546395
546417
546692
555310
555370
555429
555488
555510
555546
563523
572259
572323
572357
572379
572439
572658
572680
572718
572740
572800
581514
581570
589551
598284
598348
598383
598405
598682
598742
598763
598802
598882
607484
607564
607628
624288
624347
624369
624407
624429
624770
624910
633506
633566
633623
641657
650314
650375
650492
650734
650794
650816
650936
667623
667741
676341
676459
676481
676541
676756
676778
676816
676838
676876
676958
685612
693891
702364
702487
702780
702806
702842
702924
702982
711698
719735
720154
728392
728593
728806
728866
728888
737664
737722
745701
745759
745939
754412
754976
755036
763748
771763
771785
771845
771905
780499
780559
780619
780938
780976
780998
781056
789071
797785
797866
798230
806580
806882
807002
807024
807083
815798
823814
823895
823955
824015
824311
832608
833029
833110
849859
849919
849978
850039
850338
858635
858992
859132
