indexes
8363
8507
8865
8925
17159
17519
25734
26375
34388
34470
34891
35009
43186
43543
43602
43685
51702
51760
60414
60498
60618
60919
61037
69148
69631
77784
78425
86441
86523
86881
86941
95174
95593
95653
95709
103750
103868
104453
112461
112522
113087
121196
121256
121621
121739
129834
138634
139107
147763
155802
155855
155920
156501
164513
164574
164658
165013
165133
173787
181888
190540
190660
191041
191159
199697
199756
199874
207968
208028
216560
216682
217125
217185
225200
225839
233876
233994
234054
242587
242646
243069
243153
243211
251220
251746
251807
259898
260015
268616
268734
268794
269093
277829
277945
285984
286409
286469
286529
294698
294758
294818
295179
303857
303975
311952
312010
312129
312491
320666
320724
321141
329820
329941
329999
338029
338094
338457
346687
346806
347167
347227
347311
355322
356023
364062
364181
364242
364599
372712
381932
381993
390085
390203
390567
398737
399219
399361
407376
408075
416087
416170
416230
416591
416651
424822
425305
425365
425389
433398
434041
442193
442253
442618
442736
451270
451388
459482
460064
468221
468642
468701
476873
476993
477234
477354
485447
486150
494163
494247
494307
494666
494726
494786
502958
503378
511477
511535
511595
520249
520751
528923
528983
529346
538202
546214
546714
546774
555427
563583
564228
572237
572297
572860
581394
581453
589553
589611
598262
598323
598824
606997
607057
607117
607424
607542
615575
615632
615812
624286
624735
624792
624852
633083
633564
641601
641719
641778
641839
650433
650878
659590
659648
667681
667800
668105
676399
676898
685551
685670
693653
693711
693771
693830
694190
702425
702864
711517
711577
711641
719677
719795
719854
720214
728451
728511
728571
728948
729008
737023
737544
737603
737720
745819
745879
754471
754531
754894
754954
763690
771847
772266
780437
780497
780916
781058
789716
789773
797807
798290
798349
806521
806942
815098
815159
823836
824017
824372
824432
832549
832968
833088
841123
841824
849835
849921
850278
850398
858575
858693
859050
859114
867151
