indexes
8348
8526
17561
17618
34370
34430
34488
34614
34700
34909
43525
43585
43703
60456
60516
60576
60937
69553
69613
69673
69731
86423
86602
86899
95693
103767
112443
112504
112563
112624
112865
112929
112987
121661
121721
121779
138534
138591
138652
138716
147564
147628
147744
155820
164618
164971
173709
173768
190582
190646
190939
190998
191059
207868
208204
216604
216663
216724
216784
216963
217083
225821
233894
234134
242690
242750
242991
243055
251847
251907
259915
268716
269013
269135
269193
277929
286004
286061
286281
294740
294800
294860
295039
295160
295224
303957
312030
321062
321126
321183
321243
321301
329645
338172
346788
347209
347267
364080
364144
373233
373293
390043
390104
390224
390284
399141
399201
399261
399319
399379
416069
416248
425231
425287
425347
442153
442211
442636
451310
451370
459440
468178
468237
468299
468359
477216
477276
477336
477396
494145
494325
494563
503147
503237
503298
503358
503417
503478
520169
520231
520291
520351
520415
529445
529506
546257
546317
546377
546441
546732
555290
555354
555410
555469
555528
572219
572336
572399
572638
572698
572760
581314
581554
598305
598365
598425
598719
598781
598842
607524
615930
624329
624449
624810
624870
633546
641616
650354
650415
650774
650836
650900
659630
667639
667701
667760
676381
676441
676501
676561
676796
676856
676916
685652
693671
693850
702825
702942
703002
719695
728433
728493
728786
728850
728906
728966
745719
754453
754513
754936
754994
771745
771805
771865
771925
780838
780898
781016
797827
806861
806924
806984
807041
807102
823855
823915
824126
832650
832714
833010
833069
849817
849879
849939
849998
850059
858912
858972
859092
