indexes
173
233
241
8971
17045
17053
25788
25849
25900
26201
26260
26268
26324
26329
35055
43022
43072
43080
51815
51868
52115
52167
52175
52227
52235
52345
52353
69044
69094
69102
69162
77830
77838
77890
77898
77957
78203
78263
78313
78321
78373
78381
95118
95126
103923
103976
104278
104339
104347
104399
104407
113131
121090
121142
121150
129882
129941
129949
130241
130303
130421
130429
139152
147120
147178
147230
147242
155975
156028
156036
156327
156335
156387
156395
156451
156455
165177
173144
173208
173254
173262
173314
173322
181993
182299
182359
182409
182469
182477
182529
191204
199168
199286
199338
199346
199398
199406
199711
208076
208319
208379
208439
208447
208559
225245
225253
225304
225312
225364
225372
225665
225673
225733
234403
234411
234471
234521
234529
242542
251266
251326
251333
251394
251691
260429
260489
260497
260547
260603
277303
277354
277362
286575
286583
286635
303266
303318
303326
303386
303436
303496
303741
303749
303809
312176
312597
312605
329292
329344
329352
329404
329416
329472
329775
329834
338571
338623
338631
355376
355428
355440
355496
355857
355908
355916
364653
364705
372668
381394
381574
381817
381877
390613
390673
390681
398692
407422
407430
407480
407548
407610
407900
407908
407969
408029
416697
416705
416755
424718
424765
424773
433442
433450
433512
433572
433624
433936
433988
433996
442781
459531
459538
459588
459649
459890
459902
459950
459958
460010
460018
468748
476767
476819
476827
485553
485561
485612
485620
485673
485681
485976
485984
486036
486044
486096
486104
494830
502795
502853
502905
502917
502972
511650
511951
512012
512062
512126
512130
520857
528817
528877
537605
537663
537671
537732
537968
538028
538036
538096
546879
554843
554893
554961
563637
563749
564054
564062
564113
564121
564181
572905
580865
580975
580983
581043
581408
589657
589665
589717
589725
589777
590018
590028
590086
590136
590196
590204
606936
606944
607011
615679
615739
615747
616046
616106
616114
616174
616224
616283
632919
632968
633036
633450
642186
642245
642254
642304
650982
658941
658993
659001
659051
659111
659119
659171
659179
659484
667849
668040
668092
668220
668272
668280
685029
685081
685089
685149
694244
694296
694304
694368
710993
711039
711163
711223
711530
711591
720260
720324
720328
737129
737137
737189
737197
737249
737257
737496
737558
746170
746230
746290
746298
754367
763101
763161
763211
763584
763635
763643
772312
772380
772429
780393
789116
789177
789237
789245
789305
789540
789548
789599
789670
798396
806415
806466
806475
815205
815213
815272
815323
815333
815572
815624
815632
815692
815752
824477
832443
832495
841238
841289
841589
841602
841658
841710
841718
841770
841778
850504
858469
867205
867257
867316
867324
867384
