indexes
293
351
8367
8444
8503
8805
8861
8921
17104
17163
17224
17463
17523
17582
17643
17657
25672
25730
25790
26379
34392
34452
34466
34526
34829
34885
34887
34947
35005
43130
43190
43249
43487
43547
43606
43667
43681
51696
51698
51756
52403
60418
60494
60554
60614
60915
60975
61033
69212
69272
69575
69635
69695
69709
69754
77720
77900
77959
78429
86445
86505
86519
86580
86877
86937
86997
87057
95177
95238
95298
95537
95597
95657
95715
95773
103746
103803
103864
104457
112465
112479
112526
112585
112906
112963
113023
113083
121200
121260
121320
121380
121563
121623
121625
121683
121743
129772
129774
129830
130419
138493
138495
138569
138630
138690
138928
138985
139043
139103
147348
147587
147648
147706
147767
147781
155798
155851
155853
155916
156277
156337
156505
164517
164578
164594
164654
164714
164995
165009
165069
165071
165129
173146
173312
173610
173673
173732
173791
181826
181884
181942
190544
190604
190664
191037
191097
191155
199396
199760
199821
199878
207906
207964
208024
208329
208389
208449
208557
216564
216566
216626
216686
216746
216986
217121
217181
225663
225723
225785
225843
225901
233872
233930
233932
233990
234050
234110
234579
242591
242650
242652
242712
242726
242786
243073
243087
243149
243207
251216
251384
251444
251689
251750
251811
251871
251927
259894
259947
260011
260072
260379
268620
268680
268738
268798
269037
269097
269157
269171
269233
277244
277472
277773
277833
277891
277948
285979
286040
286099
286101
286405
286465
286525
294642
294644
294702
294762
294764
294822
295063
295122
295183
295197
295256
303268
303861
303919
303921
303979
311948
312006
312066
312125
312186
312430
312487
312546
320670
320728
320787
320848
321145
321205
321279
329294
329824
329885
329945
330003
338012
338024
338090
338148
338453
338513
338573
346691
346750
346810
346869
347111
347171
347231
347307
355318
355378
355967
356027
364044
364058
364118
364177
364236
364238
364475
364537
364595
364655
372716
372776
372836
372838
372896
372960
373137
373197
373257
373271
373331
381344
381404
381936
381997
382053
390081
390142
390199
390260
390563
390623
398741
398802
398860
398920
399163
399223
399357
407372
407898
408079
416091
416152
416166
416226
416286
416531
416587
416647
424826
424886
424946
425189
425191
425249
425309
425369
425385
433394
433986
434050
434105
442122
442189
442249
442309
442614
442672
442732
450793
450853
450913
450971
451214
451274
451332
451392
451451
459421
459478
460127
468142
468156
468220
468277
468337
468578
468638
468697
476817
476877
476936
476997
477238
477358
477432
485443
485502
485683
486154
494167
494181
494243
494303
494363
494604
494662
494722
502903
502962
503025
503322
503381
503440
511473
511531
511591
512180
520191
520205
520253
520267
520327
520690
520747
520808
528927
528987
529045
529350
529409
529468
529525
537497
537555
538206
546218
546220
546279
546339
546353
546650
546710
546770
546830
555011
555312
555374
555431
555433
555492
563521
563579
563639
563699
563759
564232
572241
572301
572361
572375
572435
572616
572676
572736
572798
572856
581033
581093
581155
581336
581398
581457
581518
581574
589547
589549
589607
589667
598266
598327
598387
598759
598820
598880
607061
607121
607181
607428
607486
607550
607598
615571
615628
615689
615749
624290
624411
624471
624731
624788
624848
624906
633087
633147
633388
633448
633508
633510
633568
633627
641597
641653
641715
641774
641835
642076
642136
650316
650377
650437
650496
650738
650798
650874
650932
659414
659474
659533
659594
659652
667619
667677
667737
667796
668102
668162
668222
676343
676403
676760
676820
676880
676894
676954
684971
685139
685199
685496
685555
685614
685674
693649
693707
693767
693826
694130
694186
694246
702368
702429
702489
702549
702846
702860
702920
702980
710995
711462
711520
711642
711700
719673
719733
719791
719850
719911
720150
720210
720270
728396
728455
728515
728589
728944
729004
737019
737247
737488
737548
737607
737668
737724
745697
745757
745815
745875
745935
746180
746240
754416
754475
754535
754595
754898
754958
755034
763514
763694
763752
771781
771843
771903
771963
772262
780441
780501
780503
780563
780621
780920
780934
780994
781054
789067
789660
789724
789777
797803
797864
797923
798228
798286
798345
806464
806525
806584
806645
806886
806946
807006
807020
807079
815095
815155
815682
815746
815802
823832
823891
823951
823953
824013
824250
824307
824309
824368
824428
832493
832553
832612
832673
832912
832972
833031
833092
833106
841119
841179
841768
841828
849855
849915
849917
849974
850037
850336
850394
850454
858519
858579
858637
858697
858761
858996
859054
859112
859128
867147
