indexes
325
333
8344
8352
8401
8403
8410
8412
8461
8468
8816
8881
17197
17205
17266
17445
17505
17557
17565
17616
17622
17624
17675
17677
17683
17685
25690
34366
34374
34426
34432
34434
34484
34486
34492
34544
34552
34849
34905
34913
34965
34973
43467
43529
43581
43589
43640
43646
43648
43699
43701
43707
51716
51776
60400
60452
60454
60460
60462
60512
60520
60572
60933
60941
60993
69495
69609
69617
69669
69677
69727
69729
69735
86419
86425
86427
86478
86480
86486
86537
86539
86545
86598
86895
86903
86955
86963
95270
95637
95697
95749
95755
95757
103763
103771
112439
112445
112447
112500
112506
112508
112564
112566
112617
112619
112927
112928
112983
112991
121597
121605
121657
121665
121717
121723
121725
121777
121783
129789
138475
138528
138530
138536
138538
138587
138589
138595
138648
138650
138708
138714
138890
138945
138951
139003
139011
139063
147567
147629
147680
147688
147740
147748
147799
147801
147807
155816
155874
155880
164497
164551
164560
164612
164614
164620
164672
164674
164680
164732
164975
164977
165027
165029
165035
165037
165089
165101
173713
173764
173772
173823
173825
173831
173833
181844
181852
190518
190526
190578
190586
190641
190642
190645
190696
190698
190758
190935
190943
191002
191055
191063
191115
191123
199800
199853
199861
207864
207866
207872
207924
207932
207984
216546
216598
216608
216658
216660
216668
216720
216726
217024
217028
217081
217087
217141
217149
217201
225817
225825
225877
225883
225885
233890
233892
233898
233950
242571
242632
242686
242692
242746
243050
243054
243105
243107
243113
243115
243167
243175
243227
251791
251851
251903
251911
259911
259919
259970
260152
268660
268712
268720
268772
268780
268832
268844
269011
269071
269079
269129
269131
269137
269139
269189
269191
269197
269251
277873
277925
277933
285938
285939
285945
285999
286008
286063
286119
286429
294624
294676
294684
294736
294744
294796
294804
294856
295097
295105
295156
295162
295164
295216
295228
295277
303901
303953
303959
303961
311964
311966
311972
312026
312146
320650
320702
320710
320767
320821
321127
321179
321187
321237
321239
321245
321247
321297
321305
329925
329977
329985
337989
337994
337996
338047
338049
338056
338108
338116
338168
338230
346723
346732
346784
346792
346844
346852
347153
347213
347265
347271
347273
347325
347332
355338
356007
364018
364024
364026
364076
364078
364084
364135
364142
364196
364555
372748
372758
372810
372818
372870
372878
373171
373177
373179
373231
373237
373239
373289
373291
373297
373349
373357
381364
382029
382037
390040
390047
390099
390108
390157
390167
390219
398782
398834
398841
398894
398902
399143
399145
399197
399203
399205
399257
399263
399265
399315
399317
399327
399329
399375
399377
399383
416065
416071
416073
416124
416126
416132
416134
416184
416186
416192
416244
424920
424928
424980
424988
425230
425283
425291
425343
425349
425351
425403
425467
434086
442087
442088
442146
442151
442152
442155
442207
442209
442215
442267
442275
442327
442580
442632
442640
450885
450893
450945
451246
451254
451314
451366
451372
451374
451426
451432
459436
468114
468122
468174
468183
468238
468243
468295
468543
468606
468657
476857
476917
476968
477332
477340
477390
477392
477398
477400
477450
477452
477458
485463
494141
494147
494149
494201
494203
494209
494261
494321
494329
494682
494690
503004
503065
503362
503413
503421
503472
503474
503480
503482
511491
511499
520166
520173
520226
520233
520235
520285
520287
520293
520345
520353
520417
520586
520652
520707
520715
520767
528967
529441
529449
529502
529508
529510
537515
546200
546253
546261
546311
546313
546319
546321
546371
546373
546379
546431
546433
546668
546676
546730
546736
546790
555406
555414
555465
555473
555524
555526
555532
563539
572215
572223
572275
572281
572283
572339
572340
572343
572393
572395
572401
572455
572754
572756
572764
572816
581438
581502
581550
581558
589567
589627
598241
598248
598300
598309
598361
598369
598419
598668
598726
598728
598777
598785
598838
598840
598846
598898
607408
607468
607520
607528
607580
607585
607587
615589
615596
624265
624272
624324
624331
624333
624385
624393
624749
624754
624806
624814
624866
624874
624926
633490
633550
633602
633608
633610
641612
641620
641795
650290
650298
650350
650357
650359
650411
650417
650419
650471
650478
650531
650717
650719
650772
650778
650780
650830
650832
650840
650892
650898
659573
659634
667635
667637
667643
667697
667705
667756
676325
676377
676383
676385
676435
676437
676443
676445
676495
676497
676503
676794
676802
676854
676860
676862
676912
676914
676926
685587
685595
685648
685654
685656
693667
693675
693727
702348
702403
702411
702467
702470
702523
702821
702824
702878
702880
702886
702888
702938
702940
702946
702948
702998
703006
711674
711682
719691
719693
719699
719751
719759
720230
728376
728429
728437
728489
728495
728547
728549
728843
728849
728902
728904
728910
728962
728970
729022
729029
737647
737700
737708
745715
745717
745723
745775
745783
745835
754448
754457
754509
754517
754569
754577
754629
754641
754820
754872
754880
754938
754940
754992
755002
755004
755052
755060
763734
771739
771741
771747
771749
771801
771803
771809
771861
771921
780421
780483
780537
780542
780595
780655
780840
780892
780900
780902
780952
780954
780960
780962
781012
781014
781020
781072
781080
789752
789760
797761
797763
797769
797823
797831
797882
797943
798254
798305
806505
806565
806618
806626
806859
806867
806923
806926
806928
806978
806980
806986
806988
807037
807039
807045
807098
807100
807106
815114
823790
823792
823798
823851
823859
823911
823971
824276
824327
824335
832593
832646
832654
832707
832954
833014
833065
833071
833073
833124
833126
833132
841139
841808
849813
849821
849875
849883
849935
849943
850302
850354
850362
850414
858559
858611
858619
858671
858679
858730
858976
859028
859036
859088
859096
859146
859148
859153
