indexes
263
323
8771
8831
8891
9009
17075
17134
17256
25700
25820
26111
26231
26290
34364
34795
34854
34915
34975
43102
43220
43521
51726
51784
51846
51906
51966
52145
52205
52375
60390
60883
61003
69124
69242
69607
77808
78163
78343
78403
87085
95148
95207
95268
95567
95627
95687
103773
103893
104257
104317
104369
104429
112993
113053
113110
121112
121172
121290
121350
121533
121595
129799
129860
129919
129980
130044
130281
138465
139073
139131
147150
147260
147320
147678
155886
156006
156245
156305
156365
156425
156477
164488
165098
165156
173222
173284
173344
173404
173703
181854
181914
181971
182329
182499
190516
191125
199197
199308
199368
199428
199611
199790
207994
208417
208529
216538
217211
225223
225334
225394
225755
225815
233900
234080
234381
234441
234551
242564
242621
243177
243237
251244
251296
251356
251725
251841
259921
259982
260039
260345
260407
260467
260577
268592
268650
268710
277273
277384
277444
277683
277803
277863
286069
286192
286375
286435
286495
286553
294614
294674
295287
303296
303356
303891
303951
312036
312095
312457
312516
312575
320640
320757
320819
329322
329382
329797
329915
338118
338178
338240
338421
338481
338601
346721
346842
346902
347334
355346
355406
355466
355879
355938
355997
364206
364565
364629
364683
372690
372746
372928
373359
381432
381484
381909
382027
390169
390471
390533
390651
398714
398771
407400
407570
407871
407930
407991
416063
416497
416557
416675
424797
424855
433420
433482
433542
433906
434018
434076
442521
442582
442642
442702
442759
450765
450883
459446
459507
459689
459860
459924
459980
460040
468245
468608
468667
468786
476789
476907
476966
485531
485651
485886
485950
486006
486066
486126
494692
494809
502875
502939
502994
503055
503231
503292
503352
511501
511561
511620
511982
512152
520717
520778
520836
528839
528957
529017
529380
529439
537525
537641
537702
537763
537946
538006
546190
546800
546858
554923
554983
555404
563549
563667
564032
564092
572213
572766
581005
581368
581487
589577
589635
589695
589996
590056
590226
598239
598298
598848
606966
607091
607458
607518
615598
615717
615778
615842
616024
616084
616144
624935
632998
633058
633480
633540
641622
641742
642044
642106
642224
650288
650901
659141
659201
659384
659448
659563
659624
667707
667766
667827
668250
676315
676923
685001
685051
685111
685171
685526
685585
693737
693856
693920
694214
694274
702339
703008
711083
711133
711552
711672
719761
719820
720180
720298
737045
737159
737279
737637
745785
745845
745905
746268
754446
755062
763071
763241
763606
763665
763724
772170
772290
772350
780414
780471
780535
780593
781082
789207
789267
789327
789510
789570
789631
789750
797833
797892
798256
798315
798434
806436
806497
806555
815124
815183
815594
815714
823921
823981
824217
824338
824456
832465
832583
841149
841207
841319
841680
841740
841800
849944
850005
850304
850364
850424
850482
858491
858549
858669
859026
867294
867354
867418
