indexes
119
179
237
8975
9030
16992
17049
17110
25784
25843
25845
25904
25968
26084
26145
26205
26207
26264
26323
35059
43076
43136
51812
51930
52171
52231
52291
52349
61087
69040
69098
69158
69218
77834
77894
77953
78202
78257
78317
78377
95122
103919
103980
104037
104163
104282
104343
104403
113135
121146
121569
129886
129945
130006
130307
130365
130425
139156
147174
147234
147294
147354
155971
156032
156391
156450
164466
173195
173258
181938
181997
182058
182118
182233
182295
182355
182415
182473
191208
199223
199282
199342
199402
199766
208080
208443
208503
217234
225249
225308
225368
225428
225487
225608
225669
225729
234044
234286
234347
234407
234467
234525
242538
251270
251330
251390
251696
260065
260126
260373
260433
260493
260552
260616
268566
277297
277358
277418
277722
277779
286156
286519
286579
286639
303322
303380
303442
303500
303805
312601
312658
320616
329348
329412
329466
329526
329771
329830
338567
338627
338685
346638
355372
355432
355490
355492
355550
355612
355733
355797
355853
355912
355973
364648
381458
381460
381518
381578
381636
381881
381942
390677
390735
398688
407426
407486
407544
407604
407845
407904
408022
416701
416759
424769
424833
433446
433508
433568
433628
433688
433812
433870
433872
433930
433932
433992
442785
459535
459653
459954
460014
468752
477003
485496
485557
485616
485926
486040
486100
494776
502791
502849
502909
511585
511644
511646
511707
511764
511888
511947
512008
512068
512124
520802
528873
537609
537667
537726
537972
538032
538092
538151
554899
554957
555017
563633
563693
563753
563938
563998
564058
564117
564177
580919
580979
581039
589661
589721
589781
589838
590022
590080
590082
590140
590200
606940
607007
607067
607312
615743
615802
616050
616110
616168
616232
616287
632915
632972
633032
633398
642070
642130
642190
642308
658997
659055
659115
659175
659420
659480
667853
668216
668276
685025
685085
685145
685265
685502
693820
694240
694300
694364
702317
711045
711107
711109
711167
711227
711526
711587
719844
719905
720084
720323
720382
737073
737133
737193
737497
737613
746294
746354
746412
763097
763157
763215
763217
763274
763338
763460
763524
763580
763639
763700
772316
772376
772433
780389
789120
789183
789241
789301
789603
815149
815209
815268
815329
815568
815628
815688
824422
832499
841233
841293
841353
841413
841593
841654
841714
841774
850448
867201
867261
867320
867378
