indexes
60
124
175
181
295
8919
8979
9043
16994
17106
17165
25728
25841
25847
25902
26089
26149
26209
26381
35003
43020
43132
43251
43312
51754
51808
51818
51874
51928
51988
52287
52293
52405
61031
69096
69154
69274
77778
78261
78431
87055
87106
95068
95179
95599
103862
103915
103921
104286
109225
113081
121088
121202
121382
129828
129890
130002
130249
130309
130363
130369
130480
139101
142342
147172
147290
147350
156275
156393
156507
173197
173256
173374
181882
181946
182001
182351
182411
182417
182471
199166
199219
199225
199280
199459
199703
199762
208327
208387
208499
208505
217179
225194
225251
225366
233988
234048
234291
234351
234469
234523
234581
251214
251274
251386
251446
251752
260009
260070
260130
260377
260437
260549
260554
265383
268622
277295
277301
277414
277474
277775
277835
286403
286523
303324
303378
303384
303438
303444
303863
312123
312364
312428
312485
312656
329464
329470
329524
329584
329826
338451
338511
338683
350548
355488
355494
355548
355849
355969
364473
364593
381402
381456
381516
381765
381829
381879
381885
381938
390561
390621
390679
390733
398743
407370
407482
407488
407542
407602
407666
407849
407961
408025
416645
416757
424716
424828
433504
433510
433564
433570
433630
433874
433928
434046
442729
450743
450795
459539
459590
459952
460070
468756
468806
485500
485928
486038
486098
486156
494780
502793
502847
511589
511642
511703
511709
512064
512070
512128
512182
520745
520806
528815
528869
528929
537553
537617
537724
537976
538088
538094
538152
538208
546828
554895
554901
554953
555013
563577
563697
563942
564006
564173
564234
572854
580863
580915
580921
581035
581095
581157
581400
589605
590138
590144
590255
606891
607003
615687
616052
616166
616172
616231
632970
632976
633028
633089
641713
641772
642014
642074
642134
642194
642252
658939
659053
659059
659233
659535
668100
668160
668330
684969
685023
685141
685201
685438
693824
694184
694302
694366
711041
711047
711105
711111
711165
711231
711522
711583
719848
720268
720326
720380
737017
737069
737075
737311
737490
737609
745813
746178
746238
746350
746356
746410
763041
763093
763099
763153
763159
763213
763219
763272
763696
768530
772260
772320
772372
772378
789124
789179
789185
789297
789601
789607
789662
797981
798404
798454
815153
815264
815270
815325
815385
815684
815748
824426
832555
841177
841231
841241
841291
841297
841712
850452
867145
867265
867376
