indexes
305
8378
8432
8442
17175
17238
17594
17645
17655
17704
34346
34454
34464
34514
34812
34933
34993
43669
43679
52417
60372
60422
60432
60482
60540
60841
60901
60961
69286
69589
69637
69649
69697
69707
69756
86447
86457
86507
86517
86626
86985
95250
95489
95549
95669
95729
95775
103791
112420
112467
112477
112528
112597
112658
112891
112951
113011
121637
121745
130492
138507
138557
138628
139031
147660
147720
147779
155796
155860
155904
164529
164592
164712
164997
165007
165057
165117
173744
173803
173853
181872
190498
190676
190726
190736
191023
191035
191143
199833
207844
207894
207952
208012
216578
216628
216637
216758
216988
217003
217049
217059
217119
217169
225182
225797
225903
233918
233978
234098
242724
242784
243015
243075
243085
243135
243195
251883
251929
259936
268692
268752
269049
269099
269109
269159
269169
269223
277230
277905
285920
285967
286028
286087
286393
294656
294720
294776
294836
295134
295185
295195
295249
303873
303933
303981
311946
312054
312475
320682
320746
320801
320862
321207
321217
321267
321324
329280
329957
338014
338022
338136
338695
346703
346812
346824
346883
347243
347350
363998
364046
364056
364224
372728
372790
372850
373139
373199
373259
373269
373319
373375
382009
390020
390069
390128
390187
390248
390489
398814
398934
399165
399225
399285
399295
399349
408093
416093
416103
416154
416164
416769
424898
425207
425323
425383
425447
442067
442120
442131
442177
442187
442361
442539
442600
442660
450865
450925
450985
451286
451394
451453
468095
468144
468154
468203
468263
468626
476948
477370
477420
486168
494169
494179
494586
494710
502781
503037
503334
503393
503452
503502
511519
520147
520193
520203
520255
520265
520325
520375
520385
520676
520735
528939
529421
529527
537543
546232
546281
546291
546341
546351
546411
555325
555386
555445
555504
555552
572195
572373
572423
572433
572664
572784
572848
581530
598221
598268
598399
598459
598688
598747
598866
598925
607440
607500
607600
615616
616295
624245
624304
624353
624363
624834
624894
633522
633582
633629
641640
650271
650391
650439
650800
650810
650920
659606
667617
667725
668342
676297
676405
676415
676465
676475
676525
676535
676709
676822
676882
676892
676946
685567
685676
693647
693695
693755
693939
702381
702441
702551
702563
702797
702848
702858
702908
702918
702968
703024
711654
719671
719779
728408
728527
728587
728812
728872
728882
728932
728942
729048
737680
745695
745743
745803
745923
746422
754428
754549
754609
754910
754960
755079
771721
771769
771779
771829
772188
780453
780515
780575
780635
780862
780922
780932
780982
781040
781099
789732
797851
798274
806596
806901
806948
806958
807008
807018
807125
823771
823820
823879
823939
823999
824235
824295
824356
832626
833094
833104
833151
849795
849843
849903
849962
850023
850322
850382
858591
858651
858711
859008
859115
859126
859190
