indexes
177
239
299
8855
8915
8973
17051
17169
25724
25906
26147
26266
26327
34879
34999
35057
43018
43078
43196
43497
51750
51810
51870
52169
52229
52289
52351
60366
60606
61027
69100
69160
77774
77832
77951
78259
78319
78379
87051
87108
95066
95183
95244
95543
95603
95663
103797
103858
103917
103978
104280
104341
113017
113077
113133
121206
121266
121326
121631
129823
129884
129943
130004
130245
130305
130367
138442
139037
139097
147176
147236
147594
147654
155910
155969
156030
156389
156453
165123
165179
173193
173260
173619
173679
173738
181878
181995
182353
182413
182475
191149
191206
199221
199284
199344
199647
199707
199827
207958
208018
208078
208383
208501
216514
217175
225247
225310
225370
233984
234104
234405
234465
234527
242597
242658
243260
251272
251336
251392
251701
251756
251817
260006
260186
260431
260491
260555
268626
269283
277299
277360
277420
277839
286093
286459
286577
294590
295311
303320
303382
303440
303747
303807
303867
312119
312180
312481
312540
312599
320676
329346
329406
329468
329773
329832
329891
338447
338507
338625
346697
347356
355430
355552
355855
355914
364529
364589
364707
372666
372722
372844
372904
373381
381398
381520
381827
381883
382003
390193
390254
390557
390617
390675
398747
398808
407484
407546
407606
407847
407906
407965
408026
416521
416581
416641
424714
424892
425201
433506
433566
433626
434052
442666
442730
442783
450741
450799
450919
451220
451280
459471
459533
459592
459900
459956
460016
460074
468089
468632
468691
468750
468808
476765
476823
476883
485555
485675
485982
486042
486102
494716
494832
502851
502968
503268
503328
503387
511525
511705
511769
512006
512066
512127
520741
520859
528875
528933
528993
529296
529356
529415
537549
537607
537665
538030
538090
546167
546764
546823
546881
554897
554959
555324
563573
563751
564056
564115
564179
572849
572907
580861
580917
580981
581041
581344
581404
581463
589601
589719
589779
590020
590142
590202
598931
606942
607009
607127
607374
607434
615683
616108
616170
616229
624239
624959
632974
633400
633456
641646
641709
641768
641829
642188
642248
642250
650265
650986
658995
659057
659117
659482
659539
659600
667731
667790
668096
668156
668274
676291
676947
677006
685027
685087
685205
685442
685561
693761
693881
694180
694298
703030
711043
711169
711468
711589
711648
719785
720204
720264
720320
728343
728402
729054
737071
737135
737195
737554
737674
745809
745869
745929
746172
746234
746352
754363
754543
755085
763095
763155
771955
772194
772374
780447
780569
781105
789118
789181
789243
789546
789605
789666
797916
797977
798219
798280
798339
798400
798456
806413
806471
806531
815207
815266
815327
815570
815630
815745
823945
824301
824362
824479
832441
832559
832920
841173
841235
841295
841600
841656
841716
850029
850267
850388
850506
858467
858525
858585
859002
867259
867318
