indexes
129
171
245
8983
9025
16998
17041
17057
17102
25792
25851
25912
26213
26256
26272
26320
26333
35051
43024
43128
51819
51864
51938
52163
52179
52223
52283
52297
52357
52401
69046
69092
69106
69150
69210
77782
77826
77846
77902
77945
78209
78265
78311
78325
78371
78427
87059
87102
95072
95114
95175
95296
103866
103911
103927
103988
104215
104274
104290
104335
104349
104395
113085
113127
121094
121138
121198
129832
129894
129937
130255
130299
130373
130417
130476
139105
147124
147168
147182
147226
147240
147286
155979
156024
156084
156279
156339
156383
156399
156447
156459
173148
173201
173212
173250
173266
173310
181945
182005
182066
182287
182347
182363
182407
182465
182481
182525
199170
199215
199290
199334
199350
199410
199699
199758
208331
208451
208495
208555
225198
225241
225255
225302
225319
225360
225436
225661
225721
234415
234459
234473
234519
234533
234577
242589
251218
251278
251322
251442
251707
260364
260425
260441
260545
260559
260601
277246
277291
277305
277486
286527
286631
286651
303270
303314
303328
303374
303388
303434
303448
303737
303797
312127
312548
312593
312609
312652
329296
329340
329356
329400
329460
329474
329520
329534
329822
329838
329883
338212
338575
338619
338633
338679
355380
355424
355484
355498
355785
355845
355904
355920
355965
364477
364657
364701
381406
381452
381466
381510
381526
381875
381934
390565
390625
390669
390685
398739
407374
407478
407552
407596
407612
407660
407896
407912
407957
408021
416649
416709
416753
424720
424824
433455
433500
433519
433560
433576
433636
433864
433924
433938
433984
434048
442734
450747
459480
459527
459544
459586
459647
459906
459946
459962
460006
460066
468760
468802
476771
476815
485504
485624
485669
485925
485988
486032
486048
486092
486108
486152
494784
494826
494846
502779
502799
502857
502901
511593
511638
511652
511713
511939
512000
512016
512060
512118
512134
512178
520810
528821
528865
537601
537616
537659
537980
538084
538100
546832
546875
554891
554905
554949
554965
555009
563641
563701
563745
564066
564109
564123
564169
564185
572901
572921
580867
580911
580925
580971
580987
581031
581091
581455
589669
589713
590030
590074
590134
590148
590251
606895
606934
606999
607059
607364
615751
616102
616162
616176
616236
616279
632964
632980
633024
633085
633145
633386
633399
633446
641717
642138
642182
642198
642246
642256
658925
658945
658989
659047
659063
659123
659167
659472
659488
659531
668224
668268
668326
685019
685033
685077
685093
685137
685434
685494
693828
694132
694248
694292
710997
711051
711061
711101
711115
711159
711175
711460
711519
711579
719852
719913
720212
720316
720332
737021
737065
737141
737201
737546
737605
746182
746242
746345
746406
763045
763089
763103
763149
763165
763209
763223
763282
763512
763572
763692
772264
772324
772368
772382
789129
789175
789189
789233
789249
789552
789595
798408
798450
806419
806462
815157
815260
815274
815337
815620
815636
815680
815696
815744
824430
824473
824493
832447
832491
841181
841227
841245
841287
841361
841585
841646
841662
841722
841766
850456
858473
858517
867209
867253
867269
