indexes
8342
8769
8829
8889
8949
17136
17195
17495
25698
25758
26351
34424
34852
35033
43162
43222
43579
43709
60392
60582
60943
61001
61061
69184
69244
69737
77748
86845
86905
86965
87029
95209
95330
95747
103832
112437
112498
112562
112931
113051
121232
121292
121352
121655
121775
129797
138467
138892
138953
139013
139071
147382
147738
147809
155825
155943
164549
164915
173646
173762
190576
190640
190756
190945
191004
191065
191183
199733
199851
207874
207934
208357
216540
216596
216718
217089
217151
217209
233958
234018
242623
242684
243235
251476
251783
251901
260343
268652
268770
268830
269199
269259
277923
285947
286010
286433
286493
294616
294734
294794
294854
295225
295285
311974
312154
312514
320642
320700
320761
321307
329856
329975
338419
338541
346664
346782
347145
347203
364016
364145
364443
364503
364563
364627
372808
372868
372930
373299
381372
381968
390038
390110
390531
390591
398773
398832
398892
399385
408051
416495
416555
416615
424858
424918
424978
425225
425281
425341
425412
442144
442700
450825
450943
451304
451424
459444
460100
468112
468185
468545
468665
468724
476849
476909
477029
477460
485470
494139
494271
494629
494750
502996
503411
520164
520224
520596
520655
520776
528899
528959
529019
537523
537583
538178
546192
546251
546618
546678
546738
546797
555043
555463
555534
563547
563607
563727
564204
572273
572337
572704
572824
572884
581065
581125
581430
581548
598359
598787
598906
607033
607093
615657
624263
624322
624383
624443
624695
624756
624816
624876
624933
633119
633179
633424
633600
641683
641803
642104
642164
650348
650409
650469
650529
650842
650960
659506
668130
668190
676317
676375
676981
693677
693794
694094
694154
702400
702464
702521
702767
702827
711494
711613
720178
720238
728368
728427
728487
728852
728912
728972
729031
737219
737580
737698
745651
745725
746208
754389
754507
754567
754627
754930
755000
771811
771871
771931
772230
780473
781022
789094
789692
798193
798313
798374
806557
806616
806677
807047
807108
815122
815654
815774
823800
823861
824278
824394
832525
832585
832705
833004
833134
849811
849885
850241
850422
858551
858609
859155
867175
867235
