indexes
183
243
303
8322
8491
8849
8851
8909
8911
8969
9027
16996
17055
17114
17116
17173
17475
17535
25718
25720
25778
25780
25964
26151
26211
26270
26331
34344
34404
34574
34873
34875
34935
34995
35053
35067
43082
43140
43142
43200
43202
43261
43495
43498
43559
43618
43727
51744
51746
51804
51806
51866
51876
51926
52225
52285
52295
52355
60370
60542
60602
60903
60963
61021
61023
61081
61083
69104
69164
69222
69224
69587
69647
77768
77770
77828
77888
78193
78253
78323
78383
86398
86568
86628
86865
86925
86987
87045
87047
87104
95070
95128
95187
95189
95248
95308
95310
95607
95667
95727
103793
103852
103854
103913
104337
104409
112418
112536
113013
113071
113073
113129
121078
121152
121210
121212
121270
121272
121332
121575
121635
121695
121755
121805
129817
129819
129880
129939
130301
130311
130361
130371
130431
138446
138448
138618
138912
138973
139033
139091
139093
139150
147170
147180
147244
147360
147362
147658
147718
147829
155841
155906
155963
155965
156325
156385
156457
164470
164472
164527
164642
164702
164935
165059
165119
165175
173190
173199
173264
173324
173683
173742
181874
181932
181934
181991
182289
182349
182419
182479
190496
190556
190620
190964
191025
191085
191145
191202
199217
199227
199278
199288
199348
199713
199770
199772
199831
207954
208014
208317
208377
208437
208497
208507
216518
216520
216576
216698
217109
217171
217228
217230
225243
225314
225374
225735
225795
225855
233920
233980
234038
234040
234100
234401
234461
234531
242544
242601
242603
242664
243137
243197
243254
243256
251264
251276
251335
251396
251456
251705
251760
251762
251821
251823
251881
259938
260000
260002
260059
260061
260120
260122
260427
260487
260557
268570
268572
268630
268632
268690
268750
268810
269220
269277
269279
277293
277364
277424
277727
277783
277785
277843
277845
277903
286030
286089
286150
286152
286453
286455
286513
286515
286573
294594
294596
294654
294718
294774
294834
295075
295244
295305
295307
303316
303376
303446
303506
303811
303871
303931
311994
312056
312113
312115
312174
312477
312534
312536
312595
312654
320620
320622
320680
320744
320799
321098
321157
321326
329342
329402
329462
329532
329836
329895
329897
329955
337968
338078
338138
338198
338501
338561
338563
338621
338681
346642
346644
346701
346762
346822
347183
347295
347352
355366
355368
355426
355546
355859
355918
355977
355979
363996
364106
364165
364226
364463
364465
364523
364525
364583
364585
364647
364649
364703
372670
372726
372788
372848
372910
373149
373209
373377
381392
381454
381464
381524
381887
381946
381948
382007
390018
390130
390189
390551
390553
390611
390671
390731
398694
398751
398753
398812
398872
399235
399403
407420
407490
407540
407550
407910
407971
408031
416044
416214
416274
416515
416577
416635
416637
416695
424775
424836
424838
424896
424958
425261
425321
425373
425428
433440
433502
433562
433866
433926
433998
434056
434058
442297
442602
442662
442720
442722
442779
450745
450803
450805
450863
450923
451284
451344
451404
451455
459464
459466
459529
459598
459960
460020
460078
460080
468093
468205
468265
468325
468565
468628
468685
468687
468746
468804
476769
476829
476887
476889
476946
477007
477009
477310
477480
485490
485492
485551
485610
485986
486046
486106
494121
494231
494291
494588
494650
494712
494770
494772
494828
502783
502845
502855
502919
502974
503274
503332
503391
511521
511579
511581
511640
511701
511765
512002
512072
512132
520145
520678
520737
520796
520798
520855
528879
528937
528997
528999
529059
529300
529302
529360
529362
529419
529480
537545
537603
537661
537722
538026
538086
538150
538156
538158
546171
546173
546230
546698
546758
546760
546822
546824
546877
554903
554963
555021
555023
555083
555085
555384
555443
563567
563569
563627
563629
563687
563689
563747
564052
564111
564183
572193
572253
572317
572724
572786
572850
572903
572917
580853
580913
580923
580985
581045
581103
581105
581410
581467
581469
581528
589595
589597
589655
589715
590076
590146
590206
598219
598278
598342
598808
598868
598927
606946
607013
607071
607073
607316
607438
607498
607558
615618
615677
615737
615796
616104
616164
616234
624243
624302
624423
624483
624776
624836
624896
624953
624955
632978
633038
633097
633099
633404
633460
633520
633580
641642
641703
641705
641762
641823
641825
642064
642066
642124
642126
642184
642242
650269
650328
650389
650449
650508
650862
650922
650980
650994
658991
659061
659121
659428
659430
659486
659543
659545
659604
667665
667727
667784
667786
668150
668152
668210
668212
668270
676295
676355
676772
676943
677000
677002
685021
685031
685091
685151
685448
685506
685508
685565
685626
693697
693757
693814
693816
693875
694114
694174
694176
694234
694236
694294
702321
702323
702378
702787
703026
711049
711103
711113
711173
711233
711532
711593
711652
719721
719781
719838
719840
719899
720198
720200
720258
720322
720378
728347
728349
728406
728467
728992
729050
737067
737077
737139
737199
737500
737560
737617
737619
737678
745745
745805
745863
745865
746168
746228
746288
746348
746358
746408
754369
754426
754487
754547
754607
754850
754970
755022
755081
763091
763151
763221
763280
763586
763645
763704
763706
771831
771891
772250
772252
772310
772370
780395
780451
780513
780573
780633
781042
781101
789114
789187
789247
789609
789611
789672
789730
797741
797791
797853
797910
797912
798215
798333
798335
798394
798452
806417
806477
806535
806537
806594
806657
807067
807127
815143
815145
815203
815262
815574
815634
815694
815754
823881
823941
824237
824297
824358
824414
824417
824475
832445
832503
832505
832563
832565
832624
832685
832984
833043
833153
841167
841169
841229
841299
841359
841660
841720
841780
849793
849905
849964
850261
850263
850324
850384
850442
850444
850502
858471
858529
858531
858589
858649
859006
859066
859171
867195
867197
867255
867314
867374
