!===============================================!
!  Number of hydrograph                         !
!===============================================!
1                                                
!===============================================!
!  Hydrograph                                   !
!===============================================!
      14
0 100.0
17185.4 100.0
19284.7 100.0
45697.4 100.0
47796.7 100.0
74209.4 100.0
76308.7 100.0
102721.4 100.0
104820.7 100.0
131233.4 100.0
133332.7 100.0
159745.4 100.0
161844.7 100.0
171770.0 100.0
