# Generated mesh with subroutine gen_mesh() ||| number of nodes | number of cells | mesh scale Err:520 0 always
 202 100 0                
# Nodes||| id node x coord y coord bathy (x y)         
 1 0 0 0               
 2 10 0 0               
 3 20 0 0               
 4 30 0 0               
 5 40 0 0               
 6 50 0 0               
 7 60 0 0               
 8 70 0 0               
 9 80 0 0               
 10 90 0 0               
 11 100 0 0               
 12 110 0 0               
 13 120 0 0               
 14 130 0 0               
 15 140 0 0               
 16 150 0 0               
 17 160 0 0               
 18 170 0 0               
 19 180 0 0               
 20 190 0 0               
 21 200 0 0               
 22 210 0 0               
 23 220 0 0               
 24 230 0 0               
 25 240 0 0               
 26 250 0 0               
 27 260 0 0               
 28 270 0 0               
 29 280 0 0               
 30 290 0 0               
 31 300 0 0               
 32 310 0 0               
 33 320 0 0               
 34 330 0 0               
 35 340 0 0               
 36 350 0 0               
 37 360 0 0               
 38 370 0 0               
 39 380 0 0               
 40 390 0 0               
 41 400 0 0               
 42 410 0 0               
 43 420 0 0               
 44 430 0 0               
 45 440 0 0               
 46 450 0 0               
 47 460 0 0               
 48 470 0 0               
 49 480 0 0               
 50 490 0 0               
 51 500 0 0               
 52 510 0 0               
 53 520 0 0               
 54 530 0 0               
 55 540 0 0               
 56 550 0 0               
 57 560 0 0               
 58 570 0 0               
 59 580 0 0               
 60 590 0 0               
 61 600 0 0               
 62 610 0 0               
 63 620 0 0               
 64 630 0 0               
 65 640 0 0               
 66 650 0 0               
 67 660 0 0               
 68 670 0 0               
 69 680 0 0               
 70 690 0 0               
 71 700 0 0               
 72 710 0 0               
 73 720 0 0               
 74 730 0 0               
 75 740 0 0               
 76 750 0 0               
 77 760 0 0               
 78 770 0 0               
 79 780 0 0               
 80 790 0 0               
 81 800 0 0               
 82 810 0 0               
 83 820 0 0               
 84 830 0 0               
 85 840 0 0               
 86 850 0 0               
 87 860 0 0               
 88 870 0 0               
 89 880 0 0               
 90 890 0 0               
 91 900 0 0               
 92 910 0 0               
 93 920 0 0               
 94 930 0 0               
 95 940 0 0               
 96 950 0 0               
 97 960 0 0               
 98 970 0 0               
 99 980 0 0               
 100 990 0 0               
 101 1000 0 0               
 102 0 10 0               
 103 10 10 0               
 104 20 10 0               
 105 30 10 0               
 106 40 10 0               
 107 50 10 0               
 108 60 10 0               
 109 70 10 0               
 110 80 10 0               
 111 90 10 0               
 112 100 10 0               
 113 110 10 0               
 114 120 10 0               
 115 130 10 0               
 116 140 10 0               
 117 150 10 0               
 118 160 10 0               
 119 170 10 0               
 120 180 10 0               
 121 190 10 0               
 122 200 10 0               
 123 210 10 0               
 124 220 10 0               
 125 230 10 0               
 126 240 10 0               
 127 250 10 0               
 128 260 10 0               
 129 270 10 0               
 130 280 10 0               
 131 290 10 0               
 132 300 10 0               
 133 310 10 0               
 134 320 10 0               
 135 330 10 0               
 136 340 10 0               
 137 350 10 0               
 138 360 10 0               
 139 370 10 0               
 140 380 10 0               
 141 390 10 0               
 142 400 10 0               
 143 410 10 0               
 144 420 10 0               
 145 430 10 0               
 146 440 10 0               
 147 450 10 0               
 148 460 10 0               
 149 470 10 0               
 150 480 10 0               
 151 490 10 0               
 152 500 10 0               
 153 510 10 0               
 154 520 10 0               
 155 530 10 0               
 156 540 10 0               
 157 550 10 0               
 158 560 10 0               
 159 570 10 0               
 160 580 10 0               
 161 590 10 0               
 162 600 10 0               
 163 610 10 0               
 164 620 10 0               
 165 630 10 0               
 166 640 10 0               
 167 650 10 0               
 168 660 10 0               
 169 670 10 0               
 170 680 10 0               
 171 690 10 0               
 172 700 10 0               
 173 710 10 0               
 174 720 10 0               
 175 730 10 0               
 176 740 10 0               
 177 750 10 0               
 178 760 10 0               
 179 770 10 0               
 180 780 10 0               
 181 790 10 0               
 182 800 10 0               
 183 810 10 0               
 184 820 10 0               
 185 830 10 0               
 186 840 10 0               
 187 850 10 0               
 188 860 10 0               
 189 870 10 0               
 190 880 10 0               
 191 890 10 0               
 192 900 10 0               
 193 910 10 0               
 194 920 10 0               
 195 930 10 0               
 196 940 10 0               
 197 950 10 0               
 198 960 10 0               
 199 970 10 0               
 200 980 10 0               
 201 990 10 0               
 202 1000 10 0               
 # Cells||| id of cell id node 1 id node 2 id node 3 id node 4 land_type bathymetry
 1 1 2 103 102 1 7.04359310829611            
 2 2 3 104 103 1 6.92720014497105            
 3 3 4 105 104 1 6.81148314578885            
 4 4 5 106 105 1 6.6965295953099            
 5 5 6 107 106 1 6.58243393234415            
 6 6 7 108 107 1 6.46929724701305            
 7 7 8 109 108 1 6.35722677870874            
 8 8 9 110 109 1 6.24633519628335            
 9 9 10 111 110 1 6.13673964791694            
 10 10 11 112 111 1 6.02856057634065            
 11 11 12 113 112 1 5.92192030534544            
 12 12 13 114 113 1 5.81694141549539            
 13 13 14 115 114 1 5.71374494015898            
 14 14 15 116 115 1 5.61244842660345            
 15 15 16 117 116 1 5.51316391998298            
 16 16 17 118 117 1 5.41599593944996            
 17 17 18 119 118 1 5.32103952413221            
 18 18 19 120 119 1 5.22837843121741            
 19 19 20 121 120 1 5.13808356795075            
 20 20 21 122 121 1 5.05021173341943            
 21 21 22 123 122 1 4.96480473447508            
 22 22 23 124 123 1 4.88188892347973            
 23 23 24 125 124 1 4.8014751847399            
 24 24 25 126 125 1 4.7235593729763            
 25 25 26 127 126 1 4.64812318275177            
 26 26 27 128 127 1 4.57513540437046            
 27 27 28 129 128 1 4.50455350121445            
 28 28 29 130 129 1 4.43632542735466            
 29 29 30 131 130 1 4.37039159367006            
 30 30 31 132 131 1 4.30668688618437            
 31 31 32 133 132 1 4.24514264185988            
 32 32 33 134 133 1 4.18568849412593            
 33 33 34 135 134 1 4.12825401200042            
 34 34 35 136 135 1 4.07277007155543            
 35 35 36 137 136 1 4.01916991534119            
 36 36 37 138 137 2 3.96738987291274            
 37 37 38 139 138 2 3.91736973264837            
 38 38 39 140 139 2 3.86905277068651            
 39 39 40 141 140 2 3.82238545638263            
 40 40 41 142 141 2 3.77731686480698            
 41 41 42 143 142 2 3.73379783531547            
 42 42 43 144 143 2 3.69177992116831            
 43 43 44 145 144 2 3.65121417872571            
 44 44 45 146 145 2 3.61204984619052            
 45 45 46 147 146 2 3.57423296151453            
 46 46 47 148 147 2 3.53770496727277            
 47 47 48 149 148 2 3.50240134736221            
 48 48 49 150 149 2 3.46825033659491            
 49 49 50 151 150 2 3.43517173989573            
 50 50 51 152 151 2 3.40307589310919            
 51 51 52 153 152 2 3.37186279256349            
 52 52 53 154 153 2 3.34142141569338            
 53 53 54 155 154 2 3.31162925032054            
 54 54 55 156 155 2 3.28235204573389            
 55 55 56 157 156 2 3.25344379457915            
 56 56 57 158 157 2 3.2247469508057            
 57 57 58 159 158 2 3.19609288554457            
 58 58 59 160 159 2 3.16730257978921            
 59 59 60 161 160 2 3.13818755006686            
 60 60 61 162 161 2 3.10855100083636            
 61 61 62 163 162 2 3.07818919500376            
 62 62 63 164 163 2 3.0468930315599            
 63 63 64 165 164 2 3.01444981674333            
 64 64 65 166 165 2 2.98064521214455            
 65 65 66 167 166 2 2.9452653396374            
 66 66 67 168 167 2 2.90809901883879            
 67 67 68 169 168 2 2.86894010791757            
 68 68 69 170 169 2 2.82758991305807            
 69 69 70 171 170 2 2.78385962591662            
 70 70 71 172 171 2 2.73757274231532            
 71 71 72 173 172 2 2.68856740965714            
 72 72 73 174 173 2 2.63669864570357            
 73 73 74 175 174 2 2.58184036808809            
 74 74 75 176 175 2 2.52388717291981            
 75 75 76 177 176 2 2.46275580266572            
 76 76 77 178 177 2 2.39838624863498            
 77 77 78 179 178 2 2.3307424420276            
 78 78 79 180 179 2 2.25981249954598            
 79 79 80 181 180 2 2.18560850454824            
 80 80 81 182 181 2 2.10816582185809            
 81 81 82 183 182 2 2.0275419625693            
 82 82 83 184 183 2 1.9438150332437            
 83 83 84 185 184 2 1.85708182050293            
 84 84 85 186 185 2 1.76745557595115            
 85 85 86 187 186 2 1.67506357666218            
 86 86 87 188 187 2 1.58004454247568            
 87 87 88 189 188 2 1.48254599281927            
 88 88 89 190 189 2 1.38272162285299            
 89 89 90 191 190 2 1.28072877192245            
 90 90 91 192 191 2 1.17672604738612            
 91 91 92 193 192 2 1.0708711548004            
 92 92 93 194 193 2 0.963318972210845            
 93 93 94 195 194 2 0.854219892873693            
 94 94 95 196 195 2 0.743718447953043            
 95 95 96 197 196 2 0.631952209263822            
 96 96 97 198 197 2 0.519050962406624            
 97 97 98 199 198 2 0.405136132913673            
 98 98 99 200 199 2 0.290320442356327            
 99 99 100 201 200 2 0.174707767666052            
 100 100 101 202 201 2 0.058393174996087            
 # Boundaries                 
 INLET 1 0                
 1 4 1 7.16058163204095 1              
 OUTLET 1 0                
 100 2 2 -0.058536900964617 2              
