!===============================================!
!  Number of hydrograph
!===============================================!
1
!===============================================!
!  Hydrograph
!===============================================!
20
0.000000000    194.00
31831.57895    220.18
63663.15789    343.13
72757.89474    773.10
79578.94737    1217.11
90947.36842    1938.60
102315.7895    2660.09
106863.1579    2993.13
118231.5789    3353.51
134147.3684    3519.15
145515.7895    3351.75
159157.8947    2975.88
168252.6316    2489.18
184168.4211    1988.16
206905.2632    1500.58
225094.7368    1193.86
254652.6316    983.63
300126.3158    758.48
345600.0000    616.67
432000.0000    486.11
