points
572951.104000   6279144.170000
572796.688000   6279229.000000
572735.896000   6279162.500000
572838.896000   6279149.170000
572842.500000   6279441.330000
572867.771000   6279254.830000
572821.458000   6279410.330000
572899.271000   6279197.830000
572893.750000   6279355.830000
572773.958000   6279164.830000
572833.021000   6279264.830000
572822.562000   6279334.330000
572986.500000   6279147.830000
572889.375000   6279388.830000
572925.396000   6279205.330000
572847.875000   6279386.500000
572958.792000   6279225.670000
572912.750000   6279166.000000
572770.438000   6279269.000000
572773.562000   6279245.830000
572886.104000   6279218.000000
572850.875000   6279410.500000
572926.083000   6279285.330000
572868.542000   6279346.500000
572825.521000   6279204.830000
572781.646000   6279360.500000
572883.438000   6279266.670000
572860.375000   6279458.170000
572788.083000   6279373.170000
572765.104000   6279212.000000
572904.333000   6279297.330000
572874.083000   6279145.330000
572816.854000   6279461.330000
572870.562000   6279289.830000
572780.604000   6279313.170000
572823.146000   6279444.000000
572747.708000   6279277.170000
572742.188000   6279264.500000
572859.167000   6279201.000000
572911.062000   6279327.830000
572864.833000   6279373.170000
572831.167000   6279296.670000
572728.333000   6279224.500000
572809.833000   6279334.500000
572905.562000   6279230.170000
572821.458000   6279523.830000
572965.417000   6279187.670000
572964.917000   6279161.670000
572861.312000   6279385.830000
572760.188000   6279148.500000
572854.896000   6279214.670000
572843.917000   6279342.170000
572837.396000   6279230.500000
572865.812000   6279300.170000
572906.646000   6279241.170000
572871.833000   6279432.170000
572911.021000   6279152.000000
572807.271000   6279500.500000
572853.208000   6279318.170000
572794.708000   6279448.170000
572831.458000   6279194.170000
572928.896000   6279298.000000
572862.896000   6279408.170000
572806.979000   6279467.170000
572799.729000   6279422.170000
572802.042000   6279372.830000
572916.542000   6279212.670000
572810.167000   6279309.500000
572830.583000   6279214.170000
572878.583000   6279356.670000
572793.208000   6279151.500000
572885.479000   6279201.500000
572767.292000   6279292.830000
572827.062000   6279423.000000
572871.062000   6279267.670000
572849.875000   6279142.170000
572723.562000   6279172.330000
572929.729000   6279240.500000
572822.708000   6279480.000000
572884.708000   6279288.500000
572830.375000   6279322.000000
572845.875000   6279267.170000
572807.604000   6279220.830000
572800.396000   6279198.500000
572934.854000   6279262.830000
572839.417000   6279427.670000
572887.708000   6279169.170000
572943.625000   6279242.330000
572774.667000   6279187.830000
572820.646000   6279274.170000
572830.250000   6279346.330000
572963.979000   6279149.830000
572824.083000   6279359.000000
572749.500000   6279168.670000
572888.062000   6279376.170000
572921.625000   6279192.670000
572797.396000   6279244.830000
572758.812000   6279189.670000
572757.208000   6279316.830000
572783.958000   6279266.830000
572785.917000   6279252.330000
572899.875000   6279367.330000
572760.812000   6279162.000000
572937.312000   6279210.830000
572873.500000   6279311.000000
572820.208000   6279287.330000
572890.312000   6279276.500000
572779.208000   6279211.170000
572909.146000   6279307.500000
572948.750000   6279230.830000
572902.167000   6279175.330000
572819.729000   6279224.500000
572781.167000   6279298.670000
572858.771000   6279161.000000
572936.812000   6279274.830000
572819.229000   6279432.500000
572874.917000   6279194.500000
572910.333000   6279341.170000
572743.833000   6279299.830000
572825.146000   6279310.500000
572932.792000   6279155.500000
572920.688000   6279246.670000
572802.667000   6279321.170000
572710.875000   6279167.330000
572862.146000   6279150.330000
572727.479000   6279196.170000
572966.688000   6279202.500000
572750.979000   6279252.830000
572761.771000   6279225.500000
572905.333000   6279209.170000
572867.646000   6279395.500000
572796.521000   6279175.330000
572841.271000   6279218.670000
572805.146000   6279512.330000
572899.583000   6279250.500000
572861.250000   6279435.000000
572809.396000   6279359.830000
572741.167000   6279206.000000
572930.521000   6279182.670000
572841.750000   6279240.670000
572920.021000   6279307.830000
572850.208000   6279179.170000
572804.208000   6279444.170000
572825.354000   6279171.330000
572783.125000   6279336.000000
572852.750000   6279303.500000
572795.146000   6279460.830000
572899.458000   6279145.330000
572905.354000   6279274.330000
572806.812000   6279432.000000
572831.771000   6279251.500000
572844.021000   6279326.170000
572975.896000   6279167.170000
572731.229000   6279238.330000
572876.104000   6279369.330000
572749.000000   6279142.330000
572781.667000   6279151.500000
572763.062000   6279279.330000
572852.917000   6279364.670000
572917.792000   6279224.500000
572882.125000   6279411.500000
572808.333000   6279385.330000
572952.750000   6279179.500000
572849.854000   6279279.330000
572767.562000   6279360.170000
572805.896000   6279185.670000
572711.021000   6279150.500000
572863.792000   6279278.830000
572830.396000   6279460.170000
572777.750000   6279413.330000
572786.479000   6279399.000000
572843.000000   6279465.830000
572974.688000   6279144.330000
572809.604000   6279207.330000
572873.167000   6279334.330000
572815.229000   6279149.500000
572849.375000   6279422.830000
572876.729000   6279229.000000
572842.188000   6279398.500000
572767.167000   6279321.670000
572808.062000   6279267.330000
572825.833000   6279143.830000
572887.271000   6279333.830000
572938.583000   6279223.000000
572906.708000   6279188.670000
572780.562000   6279386.170000
572828.750000   6279398.670000
572834.062000   6279448.170000
572878.708000   6279244.170000
572862.771000   6279172.330000
572885.229000   6279310.830000
572943.854000   6279154.830000
572784.396000   6279224.000000
572903.396000   6279319.830000
572879.917000   6279397.330000
572820.354000   6279245.500000
572793.854000   6279290.330000
572761.042000   6279346.670000
572842.833000   6279373.330000
572763.875000   6279255.170000
572772.750000   6279233.330000
572898.083000   6279220.670000
572897.812000   6279345.170000
572780.667000   6279176.000000
572942.708000   6279187.330000
572986.771000   6279158.830000
572821.875000   6279385.170000
572888.500000   6279252.000000
572755.062000   6279202.670000
572730.250000   6279184.170000
572957.042000   6279209.830000
572926.188000   6279169.330000
572838.833000   6279169.670000
572736.021000   6279149.670000
572847.146000   6279191.170000
572789.042000   6279347.670000
572853.646000   6279240.670000
572843.562000   6279293.670000
572856.208000   6279445.670000
572909.562000   6279263.000000
572739.896000   6279218.330000
572912.396000   6279285.000000
572886.729000   6279153.170000
572789.750000   6279322.330000
572826.771000   6279511.170000
572814.521000   6279451.000000
572745.250000   6279240.670000
572921.125000   6279320.330000
572815.042000   6279162.000000
572862.917000   6279226.500000
572750.458000   6279228.500000
572854.146000   6279350.670000
572806.542000   6279410.000000
572802.833000   6279347.330000
572800.292000   6279398.500000
572976.771000   6279180.330000
572953.125000   6279166.670000
572856.521000   6279253.830000
572801.354000   6279164.170000
572773.000000   6279141.830000
572782.333000   6279438.830000
572821.042000   6279183.830000
572823.979000   6279233.330000
572871.979000   6279417.670000
572784.750000   6279425.000000
572922.167000   6279258.830000
572923.375000   6279144.670000
572834.208000   6279486.500000
572866.292000   6279322.500000
572723.833000   6279142.670000
572843.854000   6279159.830000
572756.771000   6279302.500000
572747.688000   6279181.000000
572814.021000   6279548.500000
572807.000000   6279296.170000
572830.271000   6279371.830000
572927.917000   6279229.330000
572945.729000   6279202.830000
572801.208000   6279142.170000
572785.021000   6279200.000000
572947.271000   6279252.500000
572769.208000   6279335.330000
572794.479000   6279274.670000
572809.021000   6279252.000000
572875.458000   6279177.830000
572892.125000   6279321.830000
572800.229000   6279480.170000
572891.688000   6279298.670000
