 !=================================================================================================!
 !	Number	of	Land	Uses				                                                        
 !=================================================================================================!
       100
 !=================================================================================================!
 !	List	of	Land	Uses, for each patch, the values defined in the file are : 				                                                        
 !====================== id patch, manning, manning beta ==========================================!
         1  3.3000000E-02  0.0000000E+00
         2  3.3000000E-02  0.0000000E+00
         3  3.3000000E-02  0.0000000E+00
         4  3.3000000E-02  0.0000000E+00
         5  3.3000000E-02  0.0000000E+00
         6  3.3000000E-02  0.0000000E+00
         7  3.3000000E-02  0.0000000E+00
         8  3.3000000E-02  0.0000000E+00
         9  3.3000000E-02  0.0000000E+00
        10  3.3000000E-02  0.0000000E+00
        11  3.3000000E-02  0.0000000E+00
        12  3.3000000E-02  0.0000000E+00
        13  3.3000000E-02  0.0000000E+00
        14  3.3000000E-02  0.0000000E+00
        15  3.3000000E-02  0.0000000E+00
        16  3.3000000E-02  0.0000000E+00
        17  3.3000000E-02  0.0000000E+00
        18  3.3000000E-02  0.0000000E+00
        19  3.3000000E-02  0.0000000E+00
        20  3.3000000E-02  0.0000000E+00
        21  3.3000000E-02  0.0000000E+00
        22  3.3000000E-02  0.0000000E+00
        23  3.3000000E-02  0.0000000E+00
        24  3.3000000E-02  0.0000000E+00
        25  3.3000000E-02  0.0000000E+00
        26  3.3000000E-02  0.0000000E+00
        27  3.3000000E-02  0.0000000E+00
        28  3.3000000E-02  0.0000000E+00
        29  3.3000000E-02  0.0000000E+00
        30  3.3000000E-02  0.0000000E+00
        31  3.3000000E-02  0.0000000E+00
        32  3.3000000E-02  0.0000000E+00
        33  3.3000000E-02  0.0000000E+00
        34  3.3000000E-02  0.0000000E+00
        35  3.3000000E-02  0.0000000E+00
        36  3.3000000E-02  0.0000000E+00
        37  3.3000000E-02  0.0000000E+00
        38  3.3000000E-02  0.0000000E+00
        39  3.3000000E-02  0.0000000E+00
        40  3.3000000E-02  0.0000000E+00
        41  3.3000000E-02  0.0000000E+00
        42  3.3000000E-02  0.0000000E+00
        43  3.3000000E-02  0.0000000E+00
        44  3.3000000E-02  0.0000000E+00
        45  3.3000000E-02  0.0000000E+00
        46  3.3000000E-02  0.0000000E+00
        47  3.3000000E-02  0.0000000E+00
        48  3.3000000E-02  0.0000000E+00
        49  3.3000000E-02  0.0000000E+00
        50  3.3000000E-02  0.0000000E+00
        51  3.3000000E-02  0.0000000E+00
        52  3.3000000E-02  0.0000000E+00
        53  3.3000000E-02  0.0000000E+00
        54  3.3000000E-02  0.0000000E+00
        55  3.3000000E-02  0.0000000E+00
        56  3.3000000E-02  0.0000000E+00
        57  3.3000000E-02  0.0000000E+00
        58  3.3000000E-02  0.0000000E+00
        59  3.3000000E-02  0.0000000E+00
        60  3.3000000E-02  0.0000000E+00
        61  3.3000000E-02  0.0000000E+00
        62  3.3000000E-02  0.0000000E+00
        63  3.3000000E-02  0.0000000E+00
        64  3.3000000E-02  0.0000000E+00
        65  3.3000000E-02  0.0000000E+00
        66  3.3000000E-02  0.0000000E+00
        67  3.3000000E-02  0.0000000E+00
        68  3.3000000E-02  0.0000000E+00
        69  3.3000000E-02  0.0000000E+00
        70  3.3000000E-02  0.0000000E+00
        71  3.3000000E-02  0.0000000E+00
        72  3.3000000E-02  0.0000000E+00
        73  3.3000000E-02  0.0000000E+00
        74  3.3000000E-02  0.0000000E+00
        75  3.3000000E-02  0.0000000E+00
        76  3.3000000E-02  0.0000000E+00
        77  3.3000000E-02  0.0000000E+00
        78  3.3000000E-02  0.0000000E+00
        79  3.3000000E-02  0.0000000E+00
        80  3.3000000E-02  0.0000000E+00
        81  3.3000000E-02  0.0000000E+00
        82  3.3000000E-02  0.0000000E+00
        83  3.3000000E-02  0.0000000E+00
        84  3.3000000E-02  0.0000000E+00
        85  3.3000000E-02  0.0000000E+00
        86  3.3000000E-02  0.0000000E+00
        87  3.3000000E-02  0.0000000E+00
        88  3.3000000E-02  0.0000000E+00
        89  3.3000000E-02  0.0000000E+00
        90  3.3000000E-02  0.0000000E+00
        91  3.3000000E-02  0.0000000E+00
        92  3.3000000E-02  0.0000000E+00
        93  3.3000000E-02  0.0000000E+00
        94  3.3000000E-02  0.0000000E+00
        95  3.3000000E-02  0.0000000E+00
        96  3.3000000E-02  0.0000000E+00
        97  3.3000000E-02  0.0000000E+00
        98  3.3000000E-02  0.0000000E+00
        99  3.3000000E-02  0.0000000E+00
       100  3.3000000E-02  0.0000000E+00
