#comment
#comment
#comment
1
#comment
#comment
#comment
24
0 10.00028133392334
900 10.000749588012695
1800 10.003397941589355
2700 10.013541221618652
3600 10.044425964355469
4500 10.123074531555176
5400 10.297146797180176
6300 10.642105102539062
7200 11.267925262451172
8100 12.324779510498047
9000 13.561298370361328
9900 14.766854286193848
10800 15.785385131835938
11700 16.55107879638672
12600 17.06963539123535
13500 17.35594940185547
14400 17.377248764038086
15300 17.12995719909668
16200 16.58588409423828
17100 16.067766189575195
18000 15.640663146972656
18900 15.314477920532227
19800 15.068429946899414
20700 14.877076148986816
