!=================================================================================================!
!  Number of files/hpresc.txt              
!=================================================================================================!
1
!=================================================================================================!
!  Number of row
!=================================================================================================!
  24 0.000000000000000E+00
  0.0000000E+00  0.7434572E+00
  0.3600000E+04  0.7434572E+00
  0.7200000E+04  0.7434572E+00
  0.1080000E+05  0.7434572E+00
  0.1440000E+05  0.7434572E+00
  0.1800000E+05  0.7434572E+00
  0.2160000E+05  0.7434572E+00
  0.2520000E+05  0.7434572E+00
  0.2880000E+05  0.7434572E+00
  0.3240000E+05  0.7434572E+00
  0.3600000E+05  0.7434572E+00
  0.3960000E+05  0.7434572E+00
  0.4320000E+05  0.7434572E+00
  0.4680000E+05  0.7434572E+00
  0.5040000E+05  0.7434572E+00
  0.5400000E+05  0.7434572E+00
  0.5760000E+05  0.7434572E+00
  0.6120000E+05  0.7434572E+00
  0.6480000E+05  0.7434572E+00
  0.6840000E+05  0.7434572E+00
  0.7200000E+05  0.7434572E+00
  0.7560000E+05  0.7434572E+00
  0.7920000E+05  0.7434572E+00
  0.8280000E+05  0.7434572E+00
