!=================================================================================================!
!  Number of files/hydrograph.txt          
!=================================================================================================!
1
!=================================================================================================!
!  Number of row
!=================================================================================================!
  24 0.000000000000000E+00
  0.0000000E+00  0.5772765E-01
  0.3600000E+04  0.5772765E-01
  0.7200000E+04  0.5772765E-01
  0.1080000E+05  0.5772765E-01
  0.1440000E+05  0.5772765E-01
  0.1800000E+05  0.1555663E+00
  0.2160000E+05  0.3591730E+00
  0.2520000E+05  0.7370547E+00
  0.2880000E+05  0.1378366E+01
  0.3240000E+05  0.2390183E+01
  0.3600000E+05  0.2999316E+01
  0.3960000E+05  0.3381740E+01
  0.4320000E+05  0.3505978E+01
  0.4680000E+05  0.3372389E+01
  0.5040000E+05  0.3003062E+01
  0.5400000E+05  0.2434232E+01
  0.5760000E+05  0.1710678E+01
  0.6120000E+05  0.8819232E+00
  0.6480000E+05  0.6558166E-04
  0.6840000E+05  0.6558166E-04
  0.7200000E+05  0.6558166E-04
  0.7560000E+05  0.6558166E-04
  0.7920000E+05  0.9041692E-04
  0.8280000E+05  0.6558165E-04
