12
100 1000  20. 10. 23. 20. 
100 1000  20. 10. 23. 20. 
100 1000  20. 10. 23. 20. 
100 1000  20. 10. 23. 20. 
100 1000  20. 10. 23. 20. 
100 1000  20. 10. 23. 20. 
100 1000  20. 10. 23. 20. 
100 1000  20. 10. 23. 20. 
100 1000  20. 10. 23. 20. 
100 1000  20. 10. 23. 20. 
100 1000  20. 10. 23. 20. 
100 1000  20. 10. 23. 20.
100 1000  20. 10. 23. 20. 
100 1000  20. 10. 23. 20. 
100 1000  20. 10. 23. 20. 
100 1000  20. 10. 23. 20. 
100 1000  20. 10. 23. 20. 
100 1000  20. 10. 23. 20. 
100 1000  20. 10. 23. 20. 
100 1000  20. 10. 23. 20. 
100 1000  20. 10. 23. 20. 


