!===============================================!
!  Number of hydrograph
!===============================================!
1
!===============================================!
!  Hydrograph
!===============================================!
       241
  0.0000000E+00  1.0000005E+02
  6.0000000E+01  1.0000006E+02
  1.2000000E+02  1.0000008E+02
  1.8000000E+02  1.0000010E+02
  2.4000000E+02  1.0000013E+02
  3.0000000E+02  1.0000017E+02
  3.6000000E+02  1.0000021E+02
  4.2000000E+02  1.0000028E+02
  4.8000000E+02  1.0000035E+02
  5.4000000E+02  1.0000045E+02
  6.0000000E+02  1.0000058E+02
  6.6000000E+02  1.0000074E+02
  7.2000000E+02  1.0000094E+02
  7.8000000E+02  1.0000119E+02
  8.4000000E+02  1.0000151E+02
  9.0000000E+02  1.0000191E+02
  9.6000000E+02  1.0000241E+02
  1.0200000E+03  1.0000304E+02
  1.0800000E+03  1.0000382E+02
  1.1400000E+03  1.0000478E+02
  1.2000000E+03  1.0000598E+02
  1.2600000E+03  1.0000746E+02
  1.3200000E+03  1.0000928E+02
  1.3800000E+03  1.0001153E+02
  1.4400000E+03  1.0001429E+02
  1.5000000E+03  1.0001766E+02
  1.5600000E+03  1.0002179E+02
  1.6200000E+03  1.0002682E+02
  1.6800000E+03  1.0003294E+02
  1.7400000E+03  1.0004037E+02
  1.8000000E+03  1.0004936E+02
  1.8600000E+03  1.0006023E+02
  1.9200000E+03  1.0007332E+02
  1.9800000E+03  1.0008905E+02
  2.0400000E+03  1.0010793E+02
  2.1000000E+03  1.0013051E+02
  2.1600000E+03  1.0015747E+02
  2.2200000E+03  1.0018957E+02
  2.2800000E+03  1.0022772E+02
  2.3400000E+03  1.0027293E+02
  2.4000000E+03  1.0032640E+02
  2.4600000E+03  1.0038947E+02
  2.5200000E+03  1.0046369E+02
  2.5800000E+03  1.0055084E+02
  2.6400000E+03  1.0065291E+02
  2.7000000E+03  1.0077218E+02
  2.7600000E+03  1.0091121E+02
  2.8200000E+03  1.0107289E+02
  2.8800000E+03  1.0126044E+02
  2.9400000E+03  1.0147750E+02
  3.0000000E+03  1.0172810E+02
  3.0600000E+03  1.0201670E+02
  3.1200000E+03  1.0234829E+02
  3.1800000E+03  1.0272832E+02
  3.2400000E+03  1.0316282E+02
  3.3000000E+03  1.0365838E+02
  3.3600000E+03  1.0422219E+02
  3.4200000E+03  1.0486207E+02
  3.4800000E+03  1.0558650E+02
  3.5400000E+03  1.0640462E+02
  3.6000000E+03  1.0732626E+02
  3.6600000E+03  1.0836191E+02
  3.7200000E+03  1.0952278E+02
  3.7800000E+03  1.1082074E+02
  3.8400000E+03  1.1226832E+02
  3.9000000E+03  1.1387867E+02
  3.9600000E+03  1.1566556E+02
  4.0200000E+03  1.1764325E+02
  4.0800000E+03  1.1982651E+02
  4.1400000E+03  1.2223049E+02
  4.2000000E+03  1.2487061E+02
  4.2600000E+03  1.2776252E+02
  4.3200000E+03  1.3092190E+02
  4.3800000E+03  1.3436436E+02
  4.4400000E+03  1.3810530E+02
  4.5000000E+03  1.4215969E+02
  4.5600000E+03  1.4654192E+02
  4.6200000E+03  1.5126561E+02
  4.6800000E+03  1.5634337E+02
  4.7400000E+03  1.6178662E+02
  4.8000000E+03  1.6760533E+02
  4.8600000E+03  1.7380781E+02
  4.9200000E+03  1.8040048E+02
  4.9800000E+03  1.8738760E+02
  5.0400000E+03  1.9477110E+02
  5.1000000E+03  2.0255030E+02
  5.1600000E+03  2.1072173E+02
  5.2200000E+03  2.1927891E+02
  5.2800000E+03  2.2821221E+02
  5.3400000E+03  2.3750864E+02
  5.4000000E+03  2.4715178E+02
  5.4600000E+03  2.5712161E+02
  5.5200000E+03  2.6739452E+02
  5.5800000E+03  2.7794323E+02
  5.6400000E+03  2.8873680E+02
  5.7000000E+03  2.9974072E+02
  5.7600000E+03  3.1091697E+02
  5.8200000E+03  3.2222420E+02
  5.8800000E+03  3.3361788E+02
  5.9400000E+03  3.4505056E+02
  6.0000000E+03  3.5647216E+02
  6.0600000E+03  3.6783026E+02
  6.1200000E+03  3.7907053E+02
  6.1800000E+03  3.9013706E+02
  6.2400000E+03  4.0097286E+02
  6.3000000E+03  4.1152031E+02
  6.3600000E+03  4.2172166E+02
  6.4200000E+03  4.3151955E+02
  6.4800000E+03  4.4085752E+02
  6.5400000E+03  4.4968058E+02
  6.6000000E+03  4.5793573E+02
  6.6600000E+03  4.6557247E+02
  6.7200000E+03  4.7254336E+02
  6.7800000E+03  4.7880445E+02
  6.8400000E+03  4.8431578E+02
  6.9000000E+03  4.8904179E+02
  6.9600000E+03  4.9295173E+02
  7.0200000E+03  4.9601993E+02
  7.0800000E+03  4.9822617E+02
  7.1400000E+03  4.9955580E+02
  7.2000000E+03  5.0000000E+02
  7.2600000E+03  4.9955580E+02
  7.3200000E+03  4.9822617E+02
  7.3800000E+03  4.9601993E+02
  7.4400000E+03  4.9295173E+02
  7.5000000E+03  4.8904179E+02
  7.5600000E+03  4.8431578E+02
  7.6200000E+03  4.7880445E+02
  7.6800000E+03  4.7254336E+02
  7.7400000E+03  4.6557247E+02
  7.8000000E+03  4.5793573E+02
  7.8600000E+03  4.4968058E+02
  7.9200000E+03  4.4085752E+02
  7.9800000E+03  4.3151955E+02
  8.0400000E+03  4.2172166E+02
  8.1000000E+03  4.1152031E+02
  8.1600000E+03  4.0097286E+02
  8.2200000E+03  3.9013706E+02
  8.2800000E+03  3.7907053E+02
  8.3400000E+03  3.6783026E+02
  8.4000000E+03  3.5647216E+02
  8.4600000E+03  3.4505056E+02
  8.5200000E+03  3.3361788E+02
  8.5800000E+03  3.2222420E+02
  8.6400000E+03  3.1091697E+02
  8.7000000E+03  2.9974072E+02
  8.7600000E+03  2.8873680E+02
  8.8200000E+03  2.7794323E+02
  8.8800000E+03  2.6739452E+02
  8.9400000E+03  2.5712161E+02
  9.0000000E+03  2.4715178E+02
  9.0600000E+03  2.3750864E+02
  9.1200000E+03  2.2821221E+02
  9.1800000E+03  2.1927891E+02
  9.2400000E+03  2.1072173E+02
  9.3000000E+03  2.0255030E+02
  9.3600000E+03  1.9477110E+02
  9.4200000E+03  1.8738760E+02
  9.4800000E+03  1.8040048E+02
  9.5400000E+03  1.7380781E+02
  9.6000000E+03  1.6760533E+02
  9.6600000E+03  1.6178662E+02
  9.7200000E+03  1.5634337E+02
  9.7800000E+03  1.5126561E+02
  9.8400000E+03  1.4654192E+02
  9.9000000E+03  1.4215969E+02
  9.9600000E+03  1.3810530E+02
  1.0020000E+04  1.3436436E+02
  1.0080000E+04  1.3092190E+02
  1.0140000E+04  1.2776252E+02
  1.0200000E+04  1.2487061E+02
  1.0260000E+04  1.2223049E+02
  1.0320000E+04  1.1982651E+02
  1.0380000E+04  1.1764325E+02
  1.0440000E+04  1.1566556E+02
  1.0500000E+04  1.1387867E+02
  1.0560000E+04  1.1226832E+02
  1.0620000E+04  1.1082074E+02
  1.0680000E+04  1.0952278E+02
  1.0740000E+04  1.0836191E+02
  1.0800000E+04  1.0732626E+02
  1.0860000E+04  1.0640462E+02
  1.0920000E+04  1.0558650E+02
  1.0980000E+04  1.0486207E+02
  1.1040000E+04  1.0422219E+02
  1.1100000E+04  1.0365838E+02
  1.1160000E+04  1.0316282E+02
  1.1220000E+04  1.0272832E+02
  1.1280000E+04  1.0234829E+02
  1.1340000E+04  1.0201670E+02
  1.1400000E+04  1.0172810E+02
  1.1460000E+04  1.0147750E+02
  1.1520000E+04  1.0126044E+02
  1.1580000E+04  1.0107289E+02
  1.1640000E+04  1.0091121E+02
  1.1700000E+04  1.0077218E+02
  1.1760000E+04  1.0065291E+02
  1.1820000E+04  1.0055084E+02
  1.1880000E+04  1.0046369E+02
  1.1940000E+04  1.0038947E+02
  1.2000000E+04  1.0032640E+02
  1.2060000E+04  1.0027293E+02
  1.2120000E+04  1.0022772E+02
  1.2180000E+04  1.0018957E+02
  1.2240000E+04  1.0015747E+02
  1.2300000E+04  1.0013051E+02
  1.2360000E+04  1.0010793E+02
  1.2420000E+04  1.0008905E+02
  1.2480000E+04  1.0007332E+02
  1.2540000E+04  1.0006023E+02
  1.2600000E+04  1.0004936E+02
  1.2660000E+04  1.0004037E+02
  1.2720000E+04  1.0003294E+02
  1.2780000E+04  1.0002682E+02
  1.2840000E+04  1.0002179E+02
  1.2900000E+04  1.0001766E+02
  1.2960000E+04  1.0001429E+02
  1.3020000E+04  1.0001153E+02
  1.3080000E+04  1.0000928E+02
  1.3140000E+04  1.0000746E+02
  1.3200000E+04  1.0000598E+02
  1.3260000E+04  1.0000478E+02
  1.3320000E+04  1.0000382E+02
  1.3380000E+04  1.0000304E+02
  1.3440000E+04  1.0000241E+02
  1.3500000E+04  1.0000191E+02
  1.3560000E+04  1.0000151E+02
  1.3620000E+04  1.0000119E+02
  1.3680000E+04  1.0000094E+02
  1.3740000E+04  1.0000074E+02
  1.3800000E+04  1.0000058E+02
  1.3860000E+04  1.0000045E+02
  1.3920000E+04  1.0000035E+02
  1.3980000E+04  1.0000028E+02
  1.4040000E+04  1.0000021E+02
  1.4100000E+04  1.0000017E+02
  1.4160000E+04  1.0000013E+02
  1.4220000E+04  1.0000010E+02
  1.4280000E+04  1.0000008E+02
  1.4340000E+04  1.0000006E+02
  1.4400000E+04  1.0000005E+02
